4257028;26015916;2490198501;
4257028;2490198501;26015914;
4257028;26015914;3092764714;
4257028;3092764714;26015912;
4257028;26015912;2490198494;
4257028;2490198494;26015910;
4257028;26015910;128580399;
4257028;128580399;26015908;
4257028;26015908;26015906;
4257028;26015906;26015904;
4257028;26015904;26015902;
4257028;26015902;26015900;
4257028;26015900;128583855;
4257028;128583855;3092764691;
4257028;3092764691;26015898;
4257028;26015898;26015896;
4257028;26015896;26015894;
4257028;26015894;3522105988;
4257028;3522105988;26015892;
4259345;26122714;25532197;
4259345;25532197;3713667327;
4259345;3713667327;3713666423;
4259345;3713666423;3713666422;
4259345;3713666422;25532199;
4259345;25532199;3713666421;
4259345;3713666421;3713666419;
4259345;3713666419;25532200;
4259345;25532200;3713666416;
4259345;3713666416;3713666414;
4259345;3713666414;3713666413;
4259345;3713666413;25532201;
4259345;25532201;25532202;
4259345;25532202;26015889;
4259341;26015892;3522106297;
4259341;3522106297;3522106299;
4259341;3522106299;25532204;
4259341;25532204;3522106301;
4259341;3522106301;3522106300;
4259341;3522106300;112597522;
4259341;112597522;3522106294;
4259341;3522106294;25532205;
4259341;25532205;3522105991;
4259341;3522105991;112597525;
13798158;26015895;3092764704;
13798158;3092764704;3092764709;
13798158;3092764709;128587399;
13798158;128587399;128587401;
13798158;128587401;128587402;
13798158;128587402;128587405;
13798158;128587405;128587408;
13798158;128587408;128587410;
13798158;128587410;128587416;
13798158;128587416;128591046;
13798158;128591046;128591048;
13798158;128591048;128591050;
13798158;128591050;128591054;
35078502;411504966;411504995;
35105022;411835384;411835385;
35105022;411835385;411835386;
35105022;411835386;411835387;
35105022;411835387;411835388;
35105022;411835388;2460915663;
35105022;2460915663;411835389;
35105022;411835389;411835390;
35105022;411835390;411835391;
35105022;411835391;432578817;
35105022;432578817;411835393;
35105022;411835393;411504977;
35078500;411504977;411504979;
35078500;411504979;420777494;
35078500;420777494;411504981;
35078500;411504981;411504984;
35078500;411504984;411504986;
35078500;411504986;411504987;
35078500;411504987;412249442;
35078500;412249442;2084090872;
35078500;2084090872;3554953622;
35078500;3554953622;411504967;
35078501;411504995;411835470;
35078501;411835470;411504997;
35078501;411504997;445439284;
35078501;445439284;432578810;
35078501;432578810;411504999;
35078501;411504999;432578813;
35078501;432578813;445439290;
35078501;445439290;411504977;
35105021;420777494;445439255;
35105021;445439255;445439258;
35105021;445439258;445439261;
35105021;445439261;1223751575;
35105021;1223751575;1223751631;
35105021;1223751631;445439265;
35105021;445439265;1223751606;
35105021;1223751606;420777495;
37141984;432578810;432578938;
37141983;411835382;432578938;
37141983;432578938;432578945;
37141983;432578945;432578817;
37141982;432578831;432578901;
37141982;432578901;432578906;
37141982;432578906;432578908;
37141982;432578908;432578916;
37141982;432578916;432578919;
37141982;432578919;432578922;
37141982;432578922;432578925;
37141982;432578925;432578930;
37141982;432578930;411835384;
37141985;445439255;445439343;
37141985;445439343;2073943322;
37141985;2073943322;432578813;
37141985;432578813;432578945;
37937534;445439334;445439284;
37937531;445439343;445439344;
37937532;445439347;445439344;
37937532;445439344;2073943321;
37937532;2073943321;445439290;
37937530;411504999;2073943320;
37937530;2073943320;445439340;
37937530;445439340;445439258;
35997812;420777495;420777496;
35997812;420777496;445439274;
35997812;445439274;412256453;
35997812;412256453;411835470;
35997812;411835470;411835382;
35997812;411835382;411835384;
35145521;411504977;412249448;
35145521;412249448;412249449;
35145521;412249449;412249450;
35145521;412249450;412248019;
35145521;412248019;412249451;
35145521;412249451;420776939;
35145521;420776939;432578781;
35145521;432578781;420776943;
106334858;1223751681;1223751606;
106334859;1223751730;1223751631;
106334860;445439337;432578810;
106334862;420777495;1223751607;
106334862;1223751607;1223751681;
106334862;1223751681;1223751687;
106334863;1223751575;1223751697;
37937529;445439274;445439334;
37937529;445439334;1223751730;
37937529;1223751730;1223751697;
37937529;1223751697;445439337;
37937529;445439337;445439340;
197100020;2073943321;2073943322;
197100020;2073943322;2073943320;
238249552;412249448;2460915650;
238249552;2460915650;2460915651;
238249556;2460915663;2460915671;
238249556;2460915671;2460915664;
238249556;2460915664;2460915665;
238249556;2460915665;2460915666;
238249556;2460915666;2460915667;
238249556;2460915667;2460915668;
238249556;2460915668;2460915669;
238249556;2460915669;2460915670;
238249557;2460915671;2460915672;
345566829;26015892;3522106302;
345566829;3522106302;3522106304;
345566829;3522106304;26015890;
345566829;26015890;3522106308;
345566829;3522106308;3522106311;
345566829;3522106311;3522106313;
345566829;3522106313;3522106315;
345566829;3522106315;3522106318;
345566829;3522106318;3092764693;
345566831;3092764693;3522106319;
345566831;3522106319;3522106320;
345566831;3522106320;3092764716;
345566831;3092764716;26015888;
345566832;25532189;3522106293;
345566832;3522106293;3522105987;
345566832;3522105987;112597541;
345566832;112597541;25532186;
345566832;25532186;3522105980;
345566832;3522105980;112597544;
345566832;112597544;25532185;
345566832;25532185;3522105976;
345566832;3522105976;3522105978;
345566832;3522105978;3522105981;
345566832;3522105981;112597546;
345566832;112597546;3092764688;
345566832;3092764688;3522105989;
345566832;3522105989;3713816541;
345566832;3713816541;3522105992;
345566832;3522105992;3522106298;
345566832;3522106298;112597547;
345566832;112597547;3713816542;
345566832;3713816542;3522106305;
345566832;3522106305;3522106307;
345566832;3522106307;3522106310;
345566832;3522106310;3092764693;
29036509;26015879;3713666407;
29036509;3713666407;3092764711;
29036509;3092764711;26015881;
29036509;26015881;26015883;
29036509;26015883;26015885;
29036509;26015885;3713816543;
29036509;3713816543;3713666411;
29036509;3713666411;3092764695;
29036509;3092764695;26015887;
29036509;26015887;3713666410;
29036509;3713666410;3092764692;
29036509;3092764692;26015889;
29036509;26015889;26015891;
29036509;26015891;3092764707;
29036509;3092764707;3092764719;
29036509;3092764719;26015895;
29036509;26015895;3092764694;
29036509;3092764694;26015897;
29036509;26015897;3092764717;
29036509;3092764717;3092764708;
29036509;3092764708;26015899;
29036509;26015899;26015901;
29036509;26015901;26015903;
29036509;26015903;26015905;
29036509;26015905;26015907;
29036509;26015907;128579264;
29036509;128579264;26015909;
29036509;26015909;2490198497;
29036509;2490198497;26015911;
29036509;26015911;26015913;
29036509;26015913;2490198505;
29036509;2490198505;26015915;
106334861;1223751575;1223751712;
106334861;1223751712;3554953534;
106334861;3554953534;1223751687;
106334861;1223751687;1223751631;
411775062;435240906;435240914;
411775062;435240914;420776943;
411775062;420776943;432578781;
411775062;432578781;412249451;
411775062;412249451;2103272929;
411775062;2103272929;412248019;
411775062;412248019;412249450;
411775062;412249450;412249449;
411775062;412249449;412249448;
411775062;412249448;411504977;
411775062;411504977;2169094763;
411775062;2169094763;411504979;
411775062;411504979;420777494;
411775062;420777494;411504981;
411775062;411504981;411504984;
411775062;411504984;411504987;
411775062;411504987;412249442;
411775062;412249442;2084090872;
411775062;2084090872;411504967;
411775062;411504967;128597080;
411775062;128597080;411834915;
411775062;411834915;411834914;
411775062;411834914;416007714;
411775062;416007714;287458449;
411775062;287458449;2605287683;
411775062;2605287683;287458447;
411775062;287458447;2084091557;
411775062;2084091557;2084091553;
411775062;2084091553;2084091570;
411775062;2084091570;2084091574;
411775062;2084091574;4133824545;
411775062;4133824545;2084091552;
411775062;2084091552;2084091573;
411775062;2084091573;2084091561;
411775062;2084091561;2084091572;
411775062;2084091572;2084091576;
411775062;2084091576;2084091555;
411775062;2084091555;2084091573;
