4257028;26015916;2490198501;
4257028;2490198501;26015914;
4257028;26015914;3092764714;
4257028;3092764714;26015912;
4257028;26015912;2490198494;
4257028;2490198494;26015910;
4257028;26015910;128580399;
4257028;128580399;26015908;
4257028;26015908;26015906;
4257028;26015906;26015904;
4257028;26015904;26015902;
4257028;26015902;26015900;
4257028;26015900;128583855;
4257028;128583855;3092764691;
4257028;3092764691;26015898;
4257028;26015898;26015896;
4257028;26015896;26015894;
4257028;26015894;3522105988;
4257028;3522105988;26015892;
4259343;26015879;3092764697;
4259343;3092764697;3713666408;
4259343;3713666408;3092764705;
4259343;3092764705;3713666409;
4259343;3713666409;25532146;
4259343;25532146;3713666412;
4259343;3713666412;3092764699;
4259343;3092764699;3713666415;
4259343;3713666415;25532145;
4259343;25532145;3713666420;
4259343;3713666420;3092764710;
4259343;3092764710;25532144;
4259343;25532144;3713667325;
4259343;3713667325;26122713;
4259345;26122714;25532197;
4259345;25532197;3713667327;
4259345;3713667327;3713666423;
4259345;3713666423;3713666422;
4259345;3713666422;25532199;
4259345;25532199;3713666421;
4259345;3713666421;3713666419;
4259345;3713666419;25532200;
4259345;25532200;3713666416;
4259345;3713666416;3713666414;
4259345;3713666414;3713666413;
4259345;3713666413;25532201;
4259345;25532201;25532202;
4259345;25532202;26015889;
4259341;26015892;3522106297;
4259341;3522106297;3522106299;
4259341;3522106299;25532204;
4259341;25532204;3522106301;
4259341;3522106301;3522106300;
4259341;3522106300;112597522;
4259341;112597522;3522106294;
4259341;3522106294;25532205;
4259341;25532205;3522105991;
4259341;3522105991;112597525;
4259344;26122714;3713667326;
4259344;3713667326;25532193;
4259344;25532193;3713666418;
4259344;3713666418;25532222;
4306662;3139458027;3139458019;
4306662;3139458019;26057847;
4306662;26057847;26057848;
4306662;26057848;3139458026;
4306662;3139458026;3713963925;
4306662;3713963925;3713963926;
4306662;3713963926;26057849;
4306662;26057849;3713963931;
4306662;3713963931;3713963935;
4306662;3713963935;3713963938;
4306662;3713963938;26057850;
4306662;26057850;3713963941;
4306662;3713963941;26057852;
4306662;26057852;26122724;
4306661;26057853;3713963415;
4306661;3713963415;3713963413;
4306661;3713963413;26057854;
4306661;26057854;3713963408;
4306661;3713963408;112654450;
4306661;112654450;3713963403;
4306661;3713963403;3713963401;
4306661;3713963401;112654452;
4306661;112654452;3713963399;
4306661;3713963399;26057855;
4306661;26057855;3713963397;
4306661;3713963397;112653914;
4306661;112653914;3713963395;
4306661;3713963395;26057856;
4306661;26057856;3713963392;
4306661;3713963392;112653915;
4306661;112653915;3713963393;
4306661;3713963393;3713963394;
4306661;3713963394;26057857;
4306661;26057857;3713963396;
4306661;3713963396;112653406;
4306661;112653406;3713963398;
4306661;3713963398;26057858;
4306661;26057858;3713963400;
4306661;3713963400;26122720;
13797528;287458354;287458362;
13797528;287458362;287458356;
13797528;287458356;420865858;
13797528;420865858;2583930788;
13798046;128580161;2490198492;
13798046;2490198492;128580163;
13798046;128580163;128580166;
13798046;128580166;128579822;
13798046;128579822;3092764690;
13798046;3092764690;128579825;
13798046;128579825;128579831;
13798046;128579831;128579832;
13798046;128579832;3092764698;
13798046;3092764698;128579264;
13798158;26015895;3092764704;
13798158;3092764704;3092764709;
13798158;3092764709;128587399;
13798158;128587399;128587401;
13798158;128587401;128587402;
13798158;128587402;128587405;
13798158;128587405;128587408;
13798158;128587408;128587410;
13798158;128587410;128587416;
13798158;128587416;128591046;
13798158;128591046;128591048;
13798158;128591048;128591050;
13798158;128591050;128591054;
13798089;128581932;2490198488;
13798089;2490198488;128581937;
13798089;128581937;128583030;
13798089;128583030;128583031;
13798291;128594093;128607704;
13798291;128607704;2354389947;
13798291;2354389947;2354389957;
13798291;2354389957;2354389960;
13798291;2354389960;2354389959;
13798291;2354389959;2354389951;
13798291;2354389951;128588858;
13798291;128588858;2354389954;
13798291;2354389954;2354389956;
13798291;2354389956;2354389958;
13798291;2354389958;2354389944;
13798291;2354389944;2354389953;
13798291;2354389953;2354389946;
13798291;2354389946;2354389945;
13798291;2354389945;2354389955;
13798291;2354389955;2354389948;
13798291;2354389948;2354389949;
13798291;2354389949;2354389950;
13798291;2354389950;128581928;
13798688;128560426;128616477;
13798688;128616477;2490198516;
13798688;2490198516;2490198512;
13798688;2490198512;2490198507;
13798688;2490198507;128616478;
13798688;128616478;128560429;
13798716;128560429;128617100;
13798716;128617100;2490198508;
13798716;2490198508;2490198514;
13798716;2490198514;2490198519;
13798716;2490198519;128617101;
13798716;128617101;128560426;
27103792;297369724;297369739;
27103792;297369739;297369726;
27103792;297369726;432578823;
27103792;432578823;297369728;
27103792;297369728;297369729;
27103806;128560419;2485736716;
27103806;2485736716;297369929;
27103806;297369929;297369930;
27103806;297369930;297369931;
27103806;297369931;2485736721;
27103806;2485736721;297369932;
27103806;297369932;297369933;
27103806;297369933;431647237;
27103806;431647237;297369934;
27103806;297369934;3250683243;
27103806;3250683243;431647238;
27103806;431647238;2485736724;
27149266;128560423;297880033;
27149266;297880033;297880050;
27149266;297880050;2169223431;
27149266;2169223431;2169223410;
27149266;2169223410;297880051;
27149266;297880051;297880041;
27149266;297880041;2169223450;
27149266;2169223450;297880042;
27149266;297880042;2169223443;
27149266;2169223443;3250683197;
27149266;3250683197;2169223438;
27149266;2169223438;297880052;
29035149;112651991;112651992;
29035151;112652932;112613608;
30912876;343646688;343646697;
30912876;343646697;2490198485;
30912876;2490198485;2486710547;
30912875;128560437;343646688;
30912874;128578706;416007715;
30912874;416007715;316511865;
30912874;316511865;416007716;
30912878;416007724;428670444;
30912878;428670444;428670445;
30912878;428670445;343646698;
30912878;343646698;343646700;
30912878;343646700;416007714;
30912881;343646706;1165604093;
30912881;1165604093;404746922;
30912881;404746922;1165604092;
30912881;1165604092;1165604008;
30912881;1165604008;316511865;
41284280;504782500;504782506;
41284280;504782506;504782511;
41284280;504782511;504782513;
41284280;504782513;504782514;
41380173;435240959;506111741;
41380173;506111741;506111742;
34597087;401623785;401623786;
30911275;343634626;1223751736;
30911275;1223751736;1223751698;
30911275;1223751698;1223751714;
30911275;1223751714;343634632;
30911275;343634632;299574280;
34771961;343646688;425725650;
34771961;425725650;343646689;
13798272;128594093;128606054;
13798272;128606054;128594096;
13798272;128594096;128594097;
13798272;128594097;128594098;
13798272;128594098;128594099;
13798272;128594099;128594102;
13798272;128594102;128594103;
13798272;128594103;128594106;
13798272;128594106;128594107;
13798272;128594107;128594109;
13798272;128594109;128594110;
13798272;128594110;128594112;
13798272;128594112;2490198489;
13798272;2490198489;3092764702;
13798272;3092764702;128579825;
13798575;128591054;128591056;
13798575;128591056;128591059;
13798575;128591059;128591062;
13798575;128591062;128591064;
13798575;128591064;128591066;
13798575;128591066;128591068;
13798575;128591068;128591070;
13798575;128591070;128591072;
13798575;128591072;128591075;
34798406;128581928;2490198491;
13798105;2490198483;2490198482;
35006697;130075493;130075494;
35006697;130075494;130075495;
35006697;130075495;130075496;
35006697;130075496;130075497;
35006697;130075497;130075498;
35006697;130075498;444023189;
35006697;444023189;130075499;
35006697;130075499;130075712;
35006697;130075712;130075513;
35006697;130075513;26015879;
35078499;411504967;411504968;
35078499;411504968;411504969;
13798541;128583031;2490198483;
13798541;2490198483;128583033;
35078680;128597080;411504988;
35078680;411504988;411504967;
35078502;411504966;411504995;
35085950;138205703;3092764712;
35085950;3092764712;138206144;
35085950;138206144;138206145;
35085950;138206145;138206146;
35085950;138206146;2490198481;
35085950;2490198481;138206148;
35085950;138206148;128583756;
35105022;411835384;411835385;
35105022;411835385;411835386;
35105022;411835386;411835387;
35105022;411835387;411835388;
35105022;411835388;2460915663;
35105022;2460915663;411835389;
35105022;411835389;411835390;
35105022;411835390;411835391;
35105022;411835391;432578817;
35105022;432578817;411835393;
35105022;411835393;411504977;
30912893;128560439;1216466407;
30912893;1216466407;411831031;
30912893;411831031;411831030;
26248563;287458443;287458447;
26248567;287458447;2605287683;
26248567;2605287683;287458449;
35104968;2486710547;2486710548;
35104968;2486710548;2486710549;
35104968;2486710549;2486710615;
26248565;287458449;411834913;
26248565;411834913;416007714;
26248565;416007714;411834914;
26248564;411506246;444011315;
26248564;444011315;444004669;
26248564;444004669;444004670;
26248564;444004670;444004671;
26248564;444004671;444004672;
26248564;444004672;444004676;
26248564;444004676;444004673;
26248564;444004673;444004674;
26248564;444004674;444011311;
26248564;444011311;287458452;
26248564;287458452;287458454;
35104970;287458454;287458456;
35104970;287458456;435240919;
35104970;435240919;2084091557;
35104970;2084091557;287458443;
35112603;343634625;343634626;
35112603;343634626;343634627;
35112603;343634627;343634628;
35112603;343634628;343634629;
34968603;319327503;343634623;
34968603;343634623;343634624;
34968603;343634624;3501878305;
34968603;3501878305;3501878306;
34968603;3501878306;411917815;
34968603;411917815;343634625;
35145153;444011310;2617650079;
35145153;2617650079;1548554613;
35145153;1548554613;412246608;
35145153;412246608;412246607;
35145153;412246607;412246606;
35145153;412246606;412246604;
35145153;412246604;412246603;
35145153;412246603;412246602;
35078500;411504977;411504979;
35078500;411504979;420777494;
35078500;420777494;411504981;
35078500;411504981;411504984;
35078500;411504984;411504986;
35078500;411504986;411504987;
35078500;411504987;412249442;
35078500;412249442;2084090872;
35078500;2084090872;3554953622;
35078500;3554953622;411504967;
35078501;411504995;411835470;
35078501;411835470;411504997;
35078501;411504997;445439284;
35078501;445439284;432578810;
35078501;432578810;411504999;
35078501;411504999;432578813;
35078501;432578813;445439290;
35078501;445439290;411504977;
35105021;420777494;445439255;
35105021;445439255;445439258;
35105021;445439258;445439261;
35105021;445439261;1223751575;
35105021;1223751575;1223751631;
35105021;1223751631;445439265;
35105021;445439265;1223751606;
35105021;1223751606;420777495;
35473999;404746922;1165604007;
35473999;1165604007;1165604047;
35473999;1165604047;416007715;
35727408;411834914;411834915;
35727410;411834915;128597080;
35997763;112613604;2846609715;
35997763;2846609715;2846609714;
35997763;2846609714;2846609713;
35997763;2846609713;444026528;
35997763;444026528;444026527;
35997763;444026527;420776961;
35997762;420776909;420776894;
36001071;287458431;420807841;
36824722;428670442;428050313;
36824722;428050313;428050315;
36824722;428050315;428050316;
36824722;428050316;428050318;
36824722;428050318;428050319;
36824722;428050319;416007724;
36869473;428670444;428670446;
36869473;428670446;428670447;
36869473;428670447;428670443;
36869474;428670445;504782500;
36869474;504782500;1788788870;
36869474;1788788870;1788788868;
36869474;1788788868;428670442;
36869474;428670442;428670448;
36905352;420776894;2846609716;
36905352;2846609716;429205569;
36905352;429205569;429205572;
36996748;429205574;429205575;
36996745;429205572;430273240;
36996745;430273240;430273244;
36996745;430273244;429833956;
36996746;1816888566;1816888560;
36996746;1816888560;430273247;
36996746;430273247;429205572;
36996353;3554953706;431615494;
36996353;431615494;430267080;
36996353;430267080;3554953708;
36996353;3554953708;430267082;
36996353;430267082;430267081;
36997782;2583930769;430284757;
36997782;430284757;430284763;
36997786;430284793;2583946063;
37111744;431615495;431615496;
37111744;431615496;431615497;
37111744;431615497;1244598176;
37111744;1244598176;431615498;
37111744;431615498;431615499;
37120133;430267067;435759033;
37120133;435759033;287458421;
37120133;287458421;3139458233;
37120135;431925048;429833956;
37120543;431947965;431947934;
37120542;431947932;431947965;
37120545;3573222263;431947969;
37120545;431947969;1402787144;
37120545;1402787144;431947932;
37120545;431947932;431947967;
37120545;431947967;445028134;
37142500;3713816545;3713843046;
37142500;3713843046;26122715;
37142500;26122715;3713843047;
37142500;3713843047;26122717;
37142500;26122717;3713843048;
37142500;3713843048;3713843050;
37142500;3713843050;26122718;
37141974;297369724;432578858;
37141974;432578858;432578854;
37141974;432578854;432578859;
37141974;432578859;401623786;
37141974;401623786;432578860;
37141974;432578860;432578861;
37141974;432578861;432578862;
37141974;432578862;432578863;
37141974;432578863;432578864;
37141974;432578864;3799695584;
37141974;3799695584;3799695585;
37141974;3799695585;3799695586;
37141974;3799695586;3501878316;
37141984;432578810;432578938;
37141983;411835382;432578938;
37141983;432578938;432578945;
37141983;432578945;432578817;
37141982;432578831;432578901;
37141982;432578901;432578906;
37141982;432578906;432578908;
37141982;432578908;432578916;
37141982;432578916;432578919;
37141982;432578919;432578922;
37141982;432578922;432578925;
37141982;432578925;432578930;
37141982;432578930;411835384;
37141985;445439255;445439343;
37141985;445439343;2073943322;
37141985;2073943322;432578813;
37141985;432578813;432578945;
37141968;432578781;1223751641;
37141968;1223751641;1223751723;
37141968;1223751723;430012030;
37141968;430012030;1223751683;
37141968;1223751683;430012028;
37141968;430012028;2185848579;
37141968;2185848579;430012027;
37141968;430012027;430012058;
37141968;430012058;430012057;
37141968;430012057;432578830;
37141968;432578830;435240898;
37141968;435240898;432578831;
37143414;432597951;287458456;
37194468;430273261;432862422;
37194468;432862422;432862423;
37194468;432862423;1221776605;
37194468;1221776605;432862420;
37202411;433073096;433073097;
37202411;433073097;430273266;
37202416;433073103;433073105;
37202416;433073105;433073106;
37202416;433073106;1221776573;
37202416;1221776573;1221776392;
37202416;1221776392;1221776457;
37202416;1221776457;1221776533;
37202416;1221776533;1221776430;
37202416;1221776430;1221776564;
37202416;1221776564;1221776472;
37202416;1221776472;1221776496;
37202416;1221776496;1221776450;
37338732;435240914;435240906;
37338733;435240917;435240959;
37338734;128560421;435240964;
37338734;435240964;2485736712;
37338734;2485736712;432597949;
37338735;435240964;435240968;
37338735;435240968;435240969;
37338735;435240969;435240970;
37338735;435240970;435240972;
37338735;435240972;435240974;
37338735;435240974;435240919;
37855520;444004620;444004625;
37855521;444004626;444004627;
37855522;444004628;444004629;
37855524;444004646;444004647;
37855528;444004652;444004653;
37855528;444004653;444004654;
37855528;444004654;444004655;
37855519;112613596;444004614;
37855519;444004614;444004615;
37855519;444004615;2489687347;
37855519;2489687347;444004616;
37855519;444004616;2489687348;
37855519;2489687348;444004617;
37855519;444004617;2489687349;
37855519;2489687349;444004618;
37855519;444004618;2489687350;
37855519;2489687350;444004619;
37855519;444004619;444004620;
37855531;444004662;444004663;
37855531;444004663;444004664;
37855531;444004664;444004665;
37855531;444004665;444004666;
37855531;444004666;444004667;
37855531;444004667;444004668;
37855531;444004668;432597951;
37855527;444004651;2605258290;
37855527;2605258290;444004650;
37855529;444004660;297880033;
37855529;297880033;3250683201;
37855529;3250683201;3250683205;
37855529;3250683205;444004656;
37855526;112613589;444004651;
37855526;444004651;444004649;
37855523;444004620;444004621;
37855523;444004621;444004626;
37855523;444004626;444004622;
37855523;444004622;444004630;
37855523;444004630;444004631;
37855523;444004631;444004632;
37855523;444004632;444004633;
37855523;444004633;444004634;
37855523;444004634;444004638;
37855523;444004638;444004639;
37855523;444004639;444004640;
37855523;444004640;444004641;
37855523;444004641;444004646;
37855523;444004646;444004644;
37855523;444004644;444004645;
37856479;444017057;444017071;
37856479;444017071;444017058;
37856479;444017058;444017059;
37856479;444017059;444017060;
37856479;444017060;444017061;
37856479;444017061;444017062;
37856480;444017063;444017062;
37856480;444017062;444017064;
37856480;444017064;444017060;
37856481;444017065;444017067;
37856482;444017068;444017069;
37856823;444026518;444026520;
37856823;444026520;444026522;
37856823;444026522;444026524;
37856824;444026522;444026527;
37856825;444026520;444026528;
37915266;445032809;2205380098;
37915266;2205380098;445032810;
37915268;445032820;445032821;
37915268;445032821;433469204;
37915267;445032812;445032810;
37915267;445032810;445032816;
37915267;445032816;445032820;
37915267;445032820;445032819;
37937534;445439334;445439284;
37937531;445439343;445439344;
37937532;445439347;445439344;
37937532;445439344;2073943321;
37937532;2073943321;445439290;
37937530;411504999;2073943320;
37937530;2073943320;445439340;
37937530;445439340;445439258;
38001349;446308238;446308240;
38001349;446308240;287458431;
51228960;444004676;444004677;
51228960;444004677;444004678;
51228960;444004678;444004679;
51228960;444004679;444004680;
51228960;444004680;444004681;
51228960;444004681;444004682;
51228960;444004682;444004683;
63192525;1223751732;1223751677;
63192525;1223751677;1223751696;
63192525;1223751696;1223751602;
63192525;1223751602;784475024;
63192525;784475024;1223751591;
63192525;1223751591;1223751585;
63192525;1223751585;1223751626;
63192525;1223751626;1223751749;
63192525;1223751749;1223751769;
63192525;1223751769;1223751753;
63192525;1223751753;1223751805;
63192525;1223751805;1223751624;
63192525;1223751624;1223751732;
63844500;788743391;430284793;
63844502;788743536;788743478;
63844510;430284791;430284792;
63844510;430284792;788743391;
63844513;430284793;788743536;
63844513;788743536;430284795;
63844513;430284795;430284797;
63844513;430284797;430284800;
63844513;430284800;430284801;
63844519;788743559;788743528;
63844519;788743528;788743544;
63844519;788743544;788743488;
63844519;788743488;788743510;
63844519;788743510;788743511;
63844519;788743511;788743531;
63844519;788743531;430284823;
63844520;430284842;430284844;
63844520;430284844;430284846;
36997788;430284792;788743450;
36997788;788743450;788743468;
36997788;788743468;788743401;
36997788;788743401;788743413;
36997788;788743413;788743559;
36997788;788743559;788743553;
36997788;788743553;430284842;
36997788;430284842;430284841;
36997788;430284841;430284839;
36997787;430284836;430284834;
36997787;430284834;430284833;
35145522;412246600;2617650078;
35145522;2617650078;1548554615;
35145522;1548554615;412246608;
37856053;411506246;3554953651;
37856053;3554953651;444011318;
37856053;444011318;444011320;
37856053;444011320;444011321;
37856053;444011321;444011323;
37856053;444011323;1548554598;
37856053;1548554598;1548554599;
37856053;1548554599;1548554600;
37856053;1548554600;1548554602;
37856053;1548554602;1548554601;
37143412;432597949;2485736711;
37143412;2485736711;432597947;
141476899;2846609728;1548554605;
141476899;1548554605;2846609719;
141476899;2846609719;2846609720;
141476899;2846609720;444011306;
141476899;444011306;2846609721;
141476899;2846609721;2846609722;
141476899;2846609722;1548554610;
141476899;1548554610;1548554611;
141476899;1548554611;1548554612;
141476899;1548554612;2846609723;
141476899;2846609723;2846609724;
141476899;2846609724;444011313;
141476899;444011313;1548554609;
141476899;1548554609;1548554607;
141476899;1548554607;1548554606;
141476899;1548554606;2846609725;
141476899;2846609725;2846609726;
141476899;2846609726;2846609727;
141476899;2846609727;287458451;
141476899;287458451;1548554603;
141476899;1548554603;2846609728;
35997812;420777495;420777496;
35997812;420777496;445439274;
35997812;445439274;412256453;
35997812;412256453;411835470;
35997812;411835470;411835382;
35997812;411835382;411835384;
104915571;1209790924;1999553115;
34777927;128581937;128586494;
34777927;128586494;128586496;
34777927;128586496;128586497;
34777927;128586497;128586498;
34777927;128586498;128586500;
34777927;128586500;128586501;
34777927;128586501;128591901;
34777927;128591901;128591902;
34777927;128591902;128591905;
34777927;128591905;1209790924;
13798242;128580399;3092764696;
13798242;3092764696;128578693;
13798242;128578693;128578696;
13798242;128578696;128578699;
13798242;128578699;128578701;
13798242;128578701;128578702;
13798242;128578702;128578704;
13798242;128578704;128578706;
13798242;128578706;411644943;
13798242;411644943;1209790969;
13798242;1209790969;128592673;
29036513;25532210;3522106316;
29036513;3522106316;3522106322;
29036513;3522106322;3522106324;
29036513;3522106324;25532211;
36996749;429205575;430273263;
36996749;430273263;429205582;
36996749;429205582;429205589;
36996749;429205589;429205593;
36996749;429205593;429205596;
36996749;429205596;429200553;
157160144;435759031;435759032;
157160144;435759032;435759033;
37856049;444011311;444011308;
37856049;444011308;1548554605;
141476900;287458451;287458452;
141476901;444011306;444011307;
141476901;444011307;444011305;
141476901;444011305;444011310;
26248559;287458431;2156104173;
26248559;2156104173;287458429;
26248559;287458429;2156098702;
26248559;2156098702;2156104175;
26248559;2156104175;430006697;
26248559;430006697;287458442;
26248559;287458442;287458440;
26248559;287458440;3554953684;
26248559;3554953684;412246600;
26248559;412246600;519337747;
26248559;519337747;444011309;
26248559;444011309;287458438;
26248559;287458438;287458436;
26248559;287458436;444011312;
26248559;444011312;1548554610;
36996354;3554953710;430267083;
36996354;430267083;431925046;
35145272;412246602;412247985;
35145272;412247985;1223751669;
35145272;1223751669;1223751757;
35145272;1223751757;412247991;
35145272;412247991;1223751671;
35145272;1223751671;1223751572;
35145272;1223751572;412247996;
35145272;412247996;412248000;
35145272;412248000;412248004;
35145272;412248004;412248006;
35145272;412248006;412248011;
35145272;412248011;1223751610;
35145272;1223751610;412248019;
35145152;412249442;2072674371;
35145152;2072674371;2072674370;
35145152;2072674370;412249443;
35145152;412249443;412249444;
35145152;412249444;412249445;
35145152;412249445;412249446;
35145152;412249446;412246602;
37352975;435759031;430267083;
35145521;411504977;412249448;
35145521;412249448;412249449;
35145521;412249449;412249450;
35145521;412249450;412248019;
35145521;412248019;412249451;
35145521;412249451;420776939;
35145521;420776939;432578781;
35145521;432578781;420776943;
37352974;435759029;435759031;
13797704;128566335;2486710610;
13797704;2486710610;128560437;
13797704;128560437;128560439;
13797704;128560439;128560441;
13797704;128560441;128560443;
13797704;128560443;1216466457;
13797704;1216466457;425725652;
13797704;425725652;474797429;
13797704;474797429;474794842;
13797704;474794842;128560446;
36996747;429205574;432862420;
36996747;432862420;430273258;
36996747;430273258;1221776584;
36996747;1221776584;1221776620;
36996747;1221776620;430273261;
36996747;430273261;1221776530;
36996747;1221776530;429833956;
37120544;431947934;431947936;
37120544;431947936;431947938;
37120544;431947938;431947940;
37120544;431947940;431947942;
37120544;431947942;431947945;
37120544;431947945;431947960;
37120544;431947960;431947948;
37120544;431947948;431947950;
37120544;431947950;435206312;
37120544;435206312;1103134724;
37120544;1103134724;431947952;
37120544;431947952;1221776488;
37120544;1221776488;431947954;
37120544;431947954;435206313;
37120544;435206313;429200553;
106115722;1221804114;1221804092;
106115722;1221804092;1221804117;
106115722;1221804117;1221804110;
106115722;1221804110;1221804112;
106115722;1221804112;1221804105;
106115722;1221804105;1221804107;
106115722;1221804107;788826712;
106334856;1223751661;1223751647;
106334856;1223751647;1223751786;
106334856;1223751786;1223751699;
106334856;1223751699;1223751620;
106334856;1223751620;1223751586;
106334856;1223751586;1223751633;
106334856;1223751633;411504984;
106334858;1223751681;1223751606;
106334859;1223751730;1223751631;
106334860;445439337;432578810;
106334862;420777495;1223751607;
106334862;1223751607;1223751681;
106334862;1223751681;1223751687;
106334863;1223751575;1223751697;
106334866;1223751757;1223751746;
37937529;445439274;445439334;
37937529;445439334;1223751730;
37937529;1223751730;1223751697;
37937529;1223751697;445439337;
37937529;445439337;445439340;
106334851;1223751732;1838434498;
106334851;1838434498;1223751663;
106334851;1223751663;2066740983;
106334851;2066740983;432578829;
106334857;432578842;432578845;
106334857;432578845;432578847;
106334857;432578847;432578848;
106334857;432578848;297369724;
106334854;297369724;1838434492;
106334854;1838434492;432578849;
106334854;432578849;432578851;
106334854;432578851;1223751674;
106334854;1223751674;1223751693;
106334854;1223751693;1223751805;
37141967;420776943;435240914;
37141967;435240914;2185792256;
37141967;2185792256;432578826;
37141967;432578826;432578827;
37141967;432578827;1223751630;
37141967;1223751630;432578828;
37141967;432578828;435240917;
37141967;435240917;784475024;
38001352;112613592;446308245;
30912877;416007731;416007732;
30912877;416007732;343646695;
30912877;343646695;428670443;
30912877;428670443;343646696;
30912877;343646696;343646697;
108480588;429205572;433073103;
108480588;433073103;429205574;
219537531;128597080;128580161;
34774629;411506246;411504969;
34774629;411504969;4087312908;
34774629;4087312908;128597080;
125000470;433469196;1389528041;
125000470;1389528041;433469197;
125000470;433469197;433469198;
125000470;433469198;2163677958;
125000470;2163677958;433469199;
125000470;433469199;1389528045;
125000470;1389528045;433469200;
125000470;433469200;433469201;
125000470;433469201;445032809;
125000470;445032809;433469204;
125000470;433469204;433469205;
125000470;433469205;1389528066;
125000470;1389528066;1207565720;
125000470;1207565720;1207565719;
125000470;1207565719;1207565722;
125000470;1207565722;3573222252;
125000467;3573222252;1389528072;
125000467;1389528072;1389528070;
125000467;1389528070;1389528068;
125000467;1389528068;1389528067;
125000467;1389528067;1402787135;
125000467;1402787135;1389528064;
125000467;1389528064;445032821;
125000467;445032821;2205380098;
125000467;2205380098;1389528048;
125000467;1389528048;1389528047;
125000467;1389528047;1389528044;
125000467;1389528044;1389528043;
125000467;1389528043;1389528042;
125000467;1389528042;1389528040;
220234010;420776909;3139458009;
220234010;3139458009;112613604;
220234010;112613604;2846609717;
220234010;2846609717;112613605;
220234010;112613605;112613606;
220234010;112613606;112652932;
220234012;26122718;3713843052;
220234012;3713843052;26122719;
220234011;3713963962;26122725;
220234011;26122725;3713963965;
220234011;3713963965;3713963967;
220234011;3713963967;3713963968;
220234011;3713963968;3713963970;
220234011;3713963970;3713963972;
220234011;3713963972;3713963974;
220234011;3713963974;3713963976;
13798931;128575853;128625785;
13798931;128625785;128625787;
13798931;128625787;128625788;
13798931;128625788;128625791;
13798931;128625791;128625793;
13798931;128625793;128573633;
13798889;128571476;128623929;
13798889;128623929;128623931;
13798889;128623931;128623933;
13798889;128623933;128623934;
13798889;128623934;128623935;
13798889;128623935;128577510;
13798768;128616478;128617100;
13798803;128617101;128616477;
13797785;26015915;26015917;
13797785;26015917;26015919;
13797785;26015919;2490198515;
13797785;2490198515;26015921;
13797785;26015921;26015923;
13797785;26015923;2490198503;
13797785;2490198503;128569678;
13797813;128569766;2490198498;
13797813;2490198498;26015924;
13797813;26015924;26015922;
13797813;26015922;2490198511;
13797813;2490198511;3092764720;
13797813;3092764720;26015920;
13797813;26015920;26015918;
13797813;26015918;26015916;
34777947;128591075;128591076;
34777947;128591076;128591079;
34777947;128591079;128591080;
34777947;128591080;128586501;
13797951;26015928;128575847;
13797951;128575847;411831032;
13797951;411831032;128575849;
13797951;128575849;128575853;
13797951;128575853;2490198504;
13797951;2490198504;128616478;
13797988;128617100;128577510;
13797988;128577510;128577516;
13797988;128577516;128577517;
13797988;128577517;2490198500;
13797988;2490198500;128577519;
13797988;128577519;26015912;
160379543;1724272886;3573222247;
160379543;3573222247;3573222240;
160379543;3573222240;3573222232;
166972993;112652015;112613584;
63844506;128560413;2102030072;
63844506;2102030072;430284833;
63844506;430284833;112652015;
13798545;128583033;128578706;
173013103;1838434498;1838434497;
173013103;1838434497;1838434495;
173013103;1838434495;1838434491;
173013103;1838434491;1838434493;
173013103;1838434493;1838434499;
173013103;1838434499;1838434494;
173013103;1838434494;1838434492;
62087615;432578854;432578855;
62087615;432578855;432578856;
62087615;432578856;297369729;
252333763;431925047;429833962;
252333763;429833962;429833964;
37120131;429833956;738940473;
37120131;738940473;738940435;
37120131;738940435;429833958;
37120131;429833958;430267081;
37120131;430267081;431615495;
37120131;431615495;429833960;
37120131;429833960;431925047;
252334869;2102030070;2102030075;
252334869;2102030075;2102030067;
252334869;2102030067;2169139656;
252338680;2583946064;2102030064;
252338680;2102030064;430284829;
252338680;430284829;788743446;
252338680;788743446;430284831;
252338680;430284831;430284833;
252338684;2583946063;2102030074;
252338684;2102030074;2583946064;
195652236;2060757067;2060757055;
195652236;2060757055;2060757028;
195652236;2060757028;2060757021;
195652241;2060757051;2060757017;
195652241;2060757017;2060757055;
195652241;2060757055;2060757065;
195652241;2060757065;2060757059;
195652243;420774512;2060757099;
195652243;2060757099;2060757041;
195652243;2060757041;3170300793;
195653648;2060766657;2060766656;
195653648;2060766656;2060757025;
37141975;432578853;2066740958;
37141975;2066740958;432578859;
37141973;435240927;435240930;
37141973;435240930;432578852;
37141973;432578852;435240932;
37141973;435240932;432578853;
37141973;432578853;2066740961;
37141973;2066740961;432578854;
37141980;432578845;432578879;
37141980;432578879;432578882;
37141980;432578882;432578885;
37141980;432578885;432578888;
37141980;432578888;432578890;
37141980;432578890;432578848;
196972618;2072674362;2072674364;
196972618;2072674364;2072674366;
196972619;2072674366;2072674367;
196972619;2072674367;2072674368;
196972619;2072674368;2072674369;
196972619;2072674369;2072674366;
196972617;412249443;2084090862;
196972617;2084090862;2072674362;
196972617;2072674362;2072674363;
197100020;2073943321;2073943322;
197100020;2073943322;2073943320;
197100021;444004622;444004628;
197100021;444004628;444004623;
197100021;444004623;2489687358;
197100437;2073945447;2073945448;
198248589;412246602;2084090871;
198248589;2084090871;2084090873;
198248589;2084090873;2084090868;
198248589;2084090868;2084090869;
198248591;2084090870;2084090868;
198248722;444004669;2084091578;
198248722;2084091578;2084091558;
198248722;2084091558;2084091559;
198248722;2084091559;2084091560;
198248722;2084091560;2084091551;
198248722;2084091551;2084091580;
198248722;2084091580;2084091563;
198248722;2084091563;2084091566;
198248722;2084091566;2084091579;
198248722;2084091579;2084091565;
198248722;2084091565;2084091567;
198248722;2084091567;2084091554;
198248722;2084091554;2084091571;
198248722;2084091571;2084091569;
198248722;2084091569;2084091568;
198248726;2084091557;2084091553;
198248726;2084091553;2084091570;
198248726;2084091570;2084091574;
198248726;2084091574;2084091562;
198248726;2084091562;2084091564;
198248907;2084093828;403124585;
198248908;128583748;2084093826;
198248908;2084093826;2084093829;
198248910;2084093827;504782514;
198248910;504782514;2084093830;
198248909;2084093829;2084093828;
200205516;2102009665;2102009669;
200205516;2102009669;2102009667;
200205516;2102009667;2102009668;
200205516;2102009668;2102009670;
200207562;2102030065;2102030068;
200207562;2102030068;2102030063;
200207562;2102030063;2102030073;
200207562;2102030073;430284846;
200207562;430284846;2102030072;
200207563;2073945447;2073945449;
189312418;1999553112;128594093;
205638146;2156098724;2156098688;
205638146;2156098688;2156098712;
205638146;2156098712;2156098698;
205638146;2156098698;2156098689;
205638142;2156098713;2156098707;
205638142;2156098707;2156098749;
205638142;2156098749;2156098752;
205638142;2156098752;2156098711;
205638142;2156098711;2156098756;
205638142;2156098756;2156098746;
205638142;2156098746;2156098750;
205638142;2156098750;3573222099;
205638142;3573222099;2156098719;
205638147;2156098695;3573222098;
205638147;3573222098;2156098729;
205638144;2156098755;2156098710;
205638144;2156098710;2156098725;
205638144;2156098725;2156098713;
205638144;2156098713;2156098709;
205638144;2156098709;3573222118;
205638144;3573222118;2156098708;
205638880;2156104174;2156104172;
205638880;2156104172;2156104176;
205638880;2156104176;2156104171;
205638880;2156104171;2156104169;
205638880;2156104169;2156104174;
206360115;2163677954;2163677955;
206360115;2163677955;2163677956;
206360116;2163677959;2163677964;
206360116;2163677964;2163677965;
206360116;2163677965;2163677956;
206360116;2163677956;2163677958;
228569586;343646745;128566335;
206843931;411504965;411504966;
206867055;2102030071;2102030070;
206867053;2169139649;2169139655;
206867053;2169139655;2169139656;
206868043;2169148352;444004644;
208263088;2185762067;2185766308;
208263088;2185766308;2185766309;
208263088;2185766309;2185766307;
208263088;2185766307;2185766310;
208263088;2185766310;2185766306;
208263088;2185766306;2185765238;
208263088;2185765238;2185765236;
208263088;2185765236;2185765234;
208263088;2185765234;2185765237;
208263088;2185765237;2185765235;
208263088;2185765235;2185762064;
208262837;2185756687;2185762067;
208262837;2185762067;2185762064;
208262837;2185762064;2185762047;
208262837;2185762047;2185762049;
208262837;2185762049;2185762061;
208262837;2185762061;2185762050;
208262837;2185762050;2185756687;
208265320;2185793387;2185792255;
208265320;2185792255;2185792256;
208272059;2185848583;2185848586;
208272059;2185848586;2185848584;
208272059;2185848584;2185848565;
208272059;2185848565;2185848581;
208272059;2185848581;2185848561;
208272059;2185848561;2185848588;
208272059;2185848588;2185848577;
208272059;2185848577;2185848563;
208272059;2185848563;2185848567;
208272059;2185848567;2185848568;
208272059;2185848568;2185848579;
209633322;2198252493;3573222212;
209633322;3573222212;420807840;
13798697;128560429;2486710615;
13798697;2486710615;2207530849;
13798697;2207530849;128560436;
13798697;128560436;128566335;
212708376;343634640;1165603968;
212708376;1165603968;343634650;
212708376;343634650;403124585;
254726047;2605287683;2605287643;
254726050;2605287678;2605287643;
254726050;2605287643;2605287663;
254726050;2605287663;2605287704;
254726050;2605287704;2605287581;
236978557;435240972;2449318866;
37143413;287458454;432597951;
37143413;432597951;432597952;
37143413;432597952;2449318866;
37143413;2449318866;432597953;
37143413;432597953;432597954;
37143413;432597954;432597949;
311394889;3170300775;3170300779;
311394889;3170300779;2060757043;
311394890;2060757035;2060757089;
311394890;2060757089;2060757104;
311394891;3170300788;2060757039;
311394891;2060757039;2060757049;
311394891;2060757049;2060757081;
311394892;3170300770;3170300775;
311394892;3170300775;3170300780;
311394892;3170300780;3170300784;
311394892;3170300784;3170300786;
311394892;3170300786;3170300787;
311394892;3170300787;3170300785;
311394892;3170300785;3170300782;
311394892;3170300782;3170300773;
311394893;3170300783;3170300781;
311394893;3170300781;3170300778;
311394893;3170300778;3170300777;
311394893;3170300777;3170300776;
311394893;3170300776;3170300772;
311394893;3170300772;2102009670;
311394893;2102009670;3170300771;
311394893;3170300771;3170300769;
311394893;3170300769;3170300768;
311394893;3170300768;3170300770;
311394893;3170300770;3170300774;
311394895;2060757073;2060757059;
311394895;2060757059;2060757047;
311394895;2060757047;2060757067;
311394895;2060757067;2060757025;
311394895;2060757025;2060757051;
311394895;2060757051;2060757104;
311394895;2060757104;2060757057;
254724123;2605258290;3170300794;
254724123;3170300794;2605258257;
37855525;444004648;2102009665;
37855525;2102009665;2060757057;
37855525;2060757057;444004649;
37855525;444004649;2060757023;
37855525;2060757023;2060757087;
37855525;2060757087;2060757085;
37855525;2060757085;2060757045;
37855525;2060757045;2060757099;
195652234;2060757032;3170300774;
195652234;3170300774;2060757063;
195652234;2060757063;2060757043;
195652234;2060757043;2060757081;
195652234;2060757081;2060757053;
195652234;2060757053;2060757101;
195652234;2060757101;2060757073;
195652232;2060757073;3170300788;
195652232;3170300788;2060757069;
195652232;2060757069;2060757061;
195652232;2060757061;2060757071;
195652232;2060757071;2060757079;
195652232;2060757079;3170300791;
195652232;3170300791;2060757041;
195652235;2060757085;2060757083;
195652235;2060757083;2060757061;
166972992;112613584;431647245;
166972992;431647245;444004650;
166972992;444004650;444004648;
166972992;444004648;3170300783;
166972992;3170300783;128560415;
166972992;128560415;2485736719;
166972992;2485736719;2485736720;
166972992;2485736720;128560419;
195652238;2060757071;2060757093;
195652238;2060757093;2060757077;
195652238;2060757077;2060757063;
195652231;2060757028;3170300789;
195652231;3170300789;3170300792;
195652231;3170300792;2060757035;
195652231;2060757035;2060757023;
195652233;2060757069;2060757027;
195652233;2060757027;2060757091;
195652233;2060757091;2060757043;
195652240;2060757087;2060757021;
195652240;2060757021;3170300788;
195652230;2060757045;2060757107;
195652230;2060757107;2060757079;
238249552;412249448;2460915650;
238249552;2460915650;2460915651;
238249553;2460915655;2460915656;
238249553;2460915656;2460915657;
238249553;2460915657;412249450;
238249554;2460915651;2460915652;
238249554;2460915652;2460915653;
238249554;2460915653;2460915654;
238249554;2460915654;2460915655;
238249554;2460915655;2460915651;
238249556;2460915663;2460915671;
238249556;2460915671;2460915664;
238249556;2460915664;2460915665;
238249556;2460915665;2460915666;
238249556;2460915666;2460915667;
238249556;2460915667;2460915668;
238249556;2460915668;2460915669;
238249556;2460915669;2460915670;
238249557;2460915671;2460915672;
35997529;112613592;2622548691;
35997529;2622548691;2622548689;
35997529;2622548689;444004655;
35997529;444004655;2622548690;
35997529;2622548690;444004645;
35997529;444004645;420774512;
35997529;420774512;3170300793;
35997529;3170300793;2060757030;
35997529;2060757030;432597946;
35997529;432597946;2060757032;
35997529;2060757032;2485736709;
35997529;2485736709;2485736710;
35997529;2485736710;432597947;
256605509;128560419;2485736718;
256605509;2485736718;128560420;
256605509;128560420;128560421;
256605510;128560421;128560423;
256605510;128560423;128560426;
38001351;112652003;446308242;
38001351;446308242;446308243;
38001351;446308243;446308244;
38001351;446308244;2622548687;
38001351;2622548687;112613592;
240884741;432597949;2617650081;
240884741;2617650081;2485736714;
240884741;2485736714;435240867;
240884741;435240867;2485736713;
240884741;2485736713;435240873;
240884741;435240873;435240876;
240884741;435240876;435240878;
240884741;435240878;2485736717;
240884741;2485736717;2485736715;
240884741;2485736715;128560419;
37112931;431647245;431647254;
37112931;431647254;431647259;
37112931;431647259;431647261;
37112931;431647261;431647262;
37112931;431647262;431647264;
37112931;431647264;431647266;
37112931;431647266;431647269;
37112931;431647269;431647272;
37112931;431647272;431647273;
37112931;431647273;431647274;
37112931;431647274;1837927571;
37112931;1837927571;2485736724;
241285511;2489687353;2489687354;
241285511;2489687354;2489687355;
241285511;2489687355;2489687356;
241285511;2489687356;2489687357;
241364286;2490198479;138205703;
241364286;138205703;128592673;
241364286;128592673;1999553112;
189312419;1999553115;1209790969;
189312419;1209790969;1209790944;
13797865;26015913;2490198510;
13797865;2490198510;128571479;
13797865;128571479;128571478;
13797865;128571478;128571477;
13797865;128571477;128571476;
13797865;128571476;2490198521;
13797865;2490198521;128617101;
241364281;2490198491;128581932;
241364282;128580161;128581928;
13798192;128587416;128588840;
13798192;128588840;128588844;
13798192;128588844;128588845;
13798192;128588845;128588848;
13798192;128588848;128588850;
13798192;128588850;128588853;
13798192;128588853;128588856;
13798192;128588856;128588858;
241364287;2490198482;128583736;
241364287;128583736;128583739;
241364287;128583739;128583741;
241364287;128583741;128583743;
241364287;128583743;128583745;
241364287;128583745;128583747;
241364287;128583747;128583748;
241364287;128583748;128583750;
241364287;128583750;128583753;
241364287;128583753;128583756;
241364287;128583756;3092764700;
241364287;3092764700;128583757;
241364287;128583757;3092764701;
241364287;3092764701;128583760;
241364287;128583760;128583855;
13797903;128616477;2490198518;
13797903;2490198518;128573633;
13797903;128573633;128573635;
13797903;128573635;128573640;
13797903;128573640;128573643;
13797903;128573643;128573644;
13797903;128573644;3092784184;
13797903;3092784184;3092784194;
263330573;343646742;343646757;
263330573;343646757;343646737;
263330573;343646737;343646751;
263330573;343646751;411831028;
263330573;411831028;1216466396;
263330573;1216466396;343646744;
263330573;343646744;411831029;
263330573;411831029;411831030;
263330573;411831030;343646745;
228569588;343646747;416011692;
228569588;416011692;2689537165;
228569588;2689537165;1216466434;
228569588;1216466434;343646753;
228569588;343646753;343646736;
228569588;343646736;416011700;
228569588;416011700;343646748;
228569588;343646748;1216466368;
228569588;1216466368;343646749;
228569588;343646749;343646745;
35104969;287458449;2490198487;
35104969;2490198487;2486710547;
280570948;2846609729;444011313;
36965446;420776894;429833940;
36965446;429833940;429833942;
36965446;429833942;788826675;
36965446;788826675;1221804114;
36965446;1221804114;429833943;
36965446;429833943;429833945;
36965446;429833945;429833953;
36965446;429833953;429833956;
256605511;432597947;444004662;
256605511;444004662;2846609729;
286085489;420807840;420776909;
286085490;420807841;3573222260;
286085490;3573222260;3554953698;
286085490;3554953698;1724272886;
210674290;3573222254;3573222252;
210674290;3573222252;433469137;
210674290;433469137;433469133;
210674290;433469133;2207556271;
210674290;2207556271;3573222255;
210674290;3573222255;433469135;
210674290;433469135;3573222258;
210674290;3573222258;3573222262;
210674290;3573222262;3573222264;
210674290;3573222264;433469141;
210674290;433469141;3573222265;
210674290;3573222265;3573222263;
210674290;3573222263;3573222259;
210674290;3573222259;433469140;
210674290;433469140;433469143;
210674290;433469143;3573222254;
29036508;26015888;3092764718;
29036508;3092764718;26015884;
29036508;26015884;3092764713;
29036508;3092764713;26015882;
29036508;26015882;26015880;
29036508;26015880;3092764706;
29036508;3092764706;26015878;
29036508;26015878;26015876;
29036508;26015876;409118177;
29036508;409118177;299612575;
29036508;299612575;26015874;
29036508;26015874;26015872;
29036508;26015872;26015870;
29036508;26015870;26015868;
106334865;1223751663;1223751622;
106334865;1223751622;1223751778;
106334865;1223751778;1223751695;
106334865;1223751695;1223751716;
106334865;1223751716;1223751650;
106334865;1223751650;1223751675;
106334865;1223751675;1223751783;
106334865;1223751783;1223751788;
106334865;1223751788;2085810952;
106334865;2085810952;2085810954;
106334865;2085810954;2085810953;
106334865;2085810953;2085810951;
106334865;2085810951;432578841;
345566829;26015892;3522106302;
345566829;3522106302;3522106304;
345566829;3522106304;26015890;
345566829;26015890;3522106308;
345566829;3522106308;3522106311;
345566829;3522106311;3522106313;
345566829;3522106313;3522106315;
345566829;3522106315;3522106318;
345566829;3522106318;3092764693;
345566831;3092764693;3522106319;
345566831;3522106319;3522106320;
345566831;3522106320;3092764716;
345566831;3092764716;26015888;
345566834;112597525;3522105986;
345566834;3522105986;25532206;
345566834;25532206;25532207;
345566834;25532207;3522105977;
345566834;3522105977;112597526;
345566834;112597526;3522105973;
345566834;3522105973;3092764689;
345566834;3092764689;3522105971;
345566834;3522105971;3522105970;
345566834;3522105970;3522105972;
345566834;3522105972;25532208;
345566834;25532208;3522105974;
345566834;3522105974;112597528;
345566834;112597528;3522105979;
345566834;3522105979;25532209;
345566834;25532209;3522105983;
345566834;3522105983;3522105984;
345566834;3522105984;319327500;
345566834;319327500;3522106296;
345566834;3522106296;25532210;
345566832;25532189;3522106293;
345566832;3522106293;3522105987;
345566832;3522105987;112597541;
345566832;112597541;25532186;
345566832;25532186;3522105980;
345566832;3522105980;112597544;
345566832;112597544;25532185;
345566832;25532185;3522105976;
345566832;3522105976;3522105978;
345566832;3522105978;3522105981;
345566832;3522105981;112597546;
345566832;112597546;3092764688;
345566832;3092764688;3522105989;
345566832;3522105989;3713816541;
345566832;3713816541;3522105992;
345566832;3522105992;3522106298;
345566832;3522106298;112597547;
345566832;112597547;3713816542;
345566832;3713816542;3522106305;
345566832;3522106305;3522106307;
345566832;3522106307;3522106310;
345566832;3522106310;3092764693;
308678904;3139458018;3139458232;
308678904;3139458232;3139458242;
308678904;3139458242;3139458286;
308678907;3139458286;3139458292;
308678907;3139458292;3139458016;
308678907;3139458016;3139458237;
308678933;2169139656;2169139651;
308678935;3139458286;2073945447;
63848181;788826710;788826684;
63848181;788826684;788826695;
63848181;788826695;788826712;
63848181;788826712;1402773741;
63848181;1402773741;788826699;
63848181;788826699;788826688;
63848181;788826688;788826707;
308678923;3139458282;3139458277;
308678923;3139458277;3139458233;
308678923;3139458233;3573222268;
308678923;3573222268;287458435;
308678934;112613598;3139458294;
308678934;3139458294;3139458235;
308678934;3139458235;3139458285;
308678934;3139458285;3139458278;
308678936;3139458009;420776893;
308678928;3139458266;3139458276;
308678928;3139458276;3139458272;
308678928;3139458272;446308245;
308678928;446308245;446308246;
308678928;446308246;112652004;
29036509;26015879;3713666407;
29036509;3713666407;3092764711;
29036509;3092764711;26015881;
29036509;26015881;26015883;
29036509;26015883;26015885;
29036509;26015885;3713816543;
29036509;3713816543;3713666411;
29036509;3713666411;3092764695;
29036509;3092764695;26015887;
29036509;26015887;3713666410;
29036509;3713666410;3092764692;
29036509;3092764692;26015889;
29036509;26015889;26015891;
29036509;26015891;3092764707;
29036509;3092764707;3092764719;
29036509;3092764719;26015895;
29036509;26015895;3092764694;
29036509;3092764694;26015897;
29036509;26015897;3092764717;
29036509;3092764717;3092764708;
29036509;3092764708;26015899;
29036509;26015899;26015901;
29036509;26015901;26015903;
29036509;26015903;26015905;
29036509;26015905;26015907;
29036509;26015907;128579264;
29036509;128579264;26015909;
29036509;26015909;2490198497;
29036509;2490198497;26015911;
29036509;26015911;26015913;
29036509;26015913;2490198505;
29036509;2490198505;26015915;
318698147;444004657;3250683206;
318698147;3250683206;444004658;
318698147;444004658;444004656;
318698147;444004656;444004659;
318698149;3250683206;3250683209;
318698149;3250683209;3250683220;
349643787;1724272886;3573222251;
349643787;3573222251;3573222241;
349643787;3573222241;3554953693;
349643787;3554953693;3573222239;
349643787;3573222239;2198252493;
349643887;3554953679;3554953677;
349643887;3554953677;3554953676;
349643889;3554953681;3554953680;
349643889;3554953680;3554953679;
349643891;3554953706;112651995;
349643894;430267079;3554953706;
349643896;430267082;3554953711;
349643896;3554953711;3554953710;
349643898;3554953710;3554953709;
349643898;3554953709;3554953708;
349643961;412249445;3554953662;
349643961;3554953662;3554953664;
349643961;3554953664;3554953658;
349643961;3554953658;3554953660;
349643964;444011318;3554953652;
349643964;3554953652;3554953655;
349643964;3554953655;3554953659;
349643964;3554953659;2084090865;
349643964;2084090865;3554953665;
349643964;3554953665;3554953666;
36979228;3554953679;2156098729;
36979228;2156098729;2156098719;
36979228;2156098719;2156098755;
36979228;2156098755;2617650080;
36979228;2617650080;2156098708;
36979228;2156098708;2156098689;
36979228;2156098689;2156104170;
36979228;2156104170;3554953687;
36979228;3554953687;3554953688;
36979228;3554953688;430006697;
106334867;1223751616;1223751661;
106334867;1223751661;1223751666;
106334867;1223751666;1223751590;
106334867;1223751590;1223751604;
106334867;1223751604;1223751652;
106334867;1223751652;1223751720;
106334867;1223751720;1223751632;
106334867;1223751632;1223751592;
106334867;1223751592;1223751728;
106334867;1223751728;1223751679;
106334867;1223751679;1223751766;
106334867;1223751766;1223751700;
106334867;1223751700;412249442;
205638145;2156098702;2156098697;
205638145;2156098697;2156098716;
205638878;2156104174;3554953689;
205638878;3554953689;3554953690;
205638878;3554953690;2156104173;
106334861;1223751575;1223751712;
106334861;1223751712;3554953534;
106334861;3554953534;1223751687;
106334861;1223751687;1223751631;
106334864;1223751592;1223751807;
106334864;1223751807;1223751600;
106334864;1223751600;1223751605;
106334864;1223751605;1223751780;
106334864;1223751780;1223751578;
106334864;1223751578;1223751781;
106334864;1223751781;2084090866;
106334864;2084090866;2084090872;
316459169;420776943;3554953676;
316459169;3554953676;430006694;
316459169;430006694;3554953681;
316459169;3554953681;3573222107;
316459169;3573222107;420776945;
316459169;420776945;420807840;
252338683;2583930788;128560413;
351525659;3573222221;3573222218;
351525659;3573222218;3573222219;
351525659;3573222219;3573222223;
351525659;3573222223;3573222226;
351525659;3573222226;3573222230;
351525659;3573222230;3573222232;
351525659;3573222232;3573222233;
351525659;3573222233;3573222231;
351525659;3573222231;1724272845;
351525659;1724272845;3573222225;
351525659;3573222225;3573222221;
351525660;3573222230;3573222243;
351525660;3573222243;3573222251;
351525662;112652014;112652015;
351525669;3573222249;112613584;
351525676;3573222266;112613602;
351525676;112613602;2198252488;
351525676;2198252488;112613603;
351525676;112613603;420776909;
351525677;3573222199;2846609712;
351525677;2846609712;112613581;
351525677;112613581;431647219;
351525677;431647219;3573222249;
351525683;433469133;3573222250;
351525683;3573222250;3573222255;
351525686;3573222187;3573222184;
351525686;3573222184;3573222183;
351525686;3573222183;3573222186;
351525686;3573222186;1402787130;
351525686;1402787130;3573222189;
351525686;3573222189;3573222191;
351525686;3573222191;3573222192;
351525686;3573222192;3573222190;
351525686;3573222190;3573222188;
351525686;3573222188;3573222187;
351525693;3573222212;3573222201;
351525693;3573222201;3573222198;
351525693;3573222198;3573222157;
351525693;3573222157;3573222138;
351525693;3573222138;3573222133;
351525693;3573222133;3573222132;
351525693;3573222132;3573222130;
351525693;3573222130;3573222128;
351525693;3573222128;3573222109;
351525693;3573222109;3573222108;
351525693;3573222108;3573222104;
351525701;3573222222;3573222216;
351525704;3573222205;3573222210;
351525712;3573222165;3573222159;
351525716;3573222157;3573222163;
351525718;3573222234;3573222239;
351525727;3573222156;3573222149;
351525727;3573222149;3573222140;
351525728;3573222253;3573222246;
351525728;3573222246;3573222241;
351525729;3573222108;3573222127;
351525729;3573222127;3573222128;
351525730;3573222217;3573222213;
351525730;3573222213;3573222209;
351525732;3573222260;3573222261;
351525732;3573222261;3573222256;
351525734;3573222207;3573222206;
351525734;3573222206;3573222198;
351525736;3573222145;3573222154;
351525736;3573222154;3573222168;
351525738;3573222201;3573222208;
351525738;3573222208;3573222207;
351525738;3573222207;3573222211;
351525741;3573222210;3573222211;
351525741;3573222211;3573222227;
351525741;3573222227;3573222234;
351525742;3573222205;3573222203;
351525742;3573222203;3573222197;
351525742;3573222197;3573222196;
351525744;3573222234;3573222229;
351525744;3573222229;3573222214;
351525744;3573222214;3573222210;
351525748;3573222197;3573222200;
351525748;3573222200;3573222217;
351525748;3573222217;3573222222;
351525748;3573222222;3573222237;
351525749;3573222195;3573222196;
351525749;3573222196;3573222202;
351525749;3573222202;3573222204;
351525749;3573222204;3573222205;
351525751;3573222153;3573222161;
351525751;3573222161;3573222178;
351525751;3573222178;3573222193;
351525751;3573222193;3573222195;
351525760;3573222195;3573222194;
351525760;3573222194;3573222179;
351525760;3573222179;3573222160;
351525760;3573222160;3573222152;
351525763;3573222240;3573222242;
351525763;3573222242;3573222244;
351525763;3573222244;3573222238;
351525763;3573222238;3573222228;
351525763;3573222228;3573222224;
351525764;3573222127;3573222134;
351525764;3573222134;3573222137;
351525764;3573222137;3573222145;
351525764;3573222145;3573222147;
351525764;3573222147;3573222130;
351525766;3573222163;3573222170;
351525766;3573222170;3573222182;
351525766;3573222182;3573222181;
351525766;3573222181;3573222175;
351525766;3573222175;3573222162;
351525766;3573222162;3573222163;
351525772;3573222138;3573222140;
351525772;3573222140;3573222141;
351525772;3573222141;3573222135;
351525772;3573222135;3573222136;
351525772;3573222136;3573222139;
351525773;3573222107;3573222110;
351525773;3573222110;3573222114;
351525773;3573222114;3573222116;
351525773;3573222116;3573222124;
351525773;3573222124;3573222125;
351525773;3573222125;3573222126;
351525780;3573222148;3573222151;
351525780;3573222151;3573222153;
351525780;3573222153;3573222152;
351525780;3573222152;3573222150;
351525780;3573222150;3573222146;
351525780;3573222146;3573222143;
351525780;3573222143;3573222144;
351525780;3573222144;3573222148;
351525782;3573222200;3573222185;
351525782;3573222185;3573222177;
351525782;3573222177;3573222171;
351525782;3573222171;3573222165;
351525782;3573222165;3573222164;
351525782;3573222164;3573222169;
351525782;3573222169;3573222174;
351525782;3573222174;3573222197;
220234009;26057853;112613609;
220234009;112613609;112613610;
220234009;112613610;2846609718;
220234009;2846609718;3522178888;
220234009;3522178888;112613611;
220234009;112613611;432589602;
220234009;432589602;432589603;
220234009;432589603;112613612;
220234009;112613612;445439300;
29035153;112613608;26057853;
166973017;112613584;112613586;
166973017;112613586;112613587;
166973017;112613587;112613588;
166973017;112613588;112613589;
166973017;112613589;444004652;
166973017;444004652;2102030069;
166973017;2102030069;3139458266;
166973017;3139458266;2622548692;
166973017;2622548692;112613590;
166973017;112613590;112613592;
166973017;112613592;2622548688;
166973017;2622548688;112613593;
166973017;112613593;112613594;
166973017;112613594;112613595;
166973017;112613595;112613596;
166973017;112613596;112613597;
166973017;112613597;112613598;
166973017;112613598;287458435;
166973017;287458435;112613600;
166973017;112613600;287458431;
206867054;2225262331;430267079;
206867054;430267079;112651995;
206867054;112651995;446308238;
206867054;446308238;3139458282;
206867054;3139458282;287458421;
206867054;287458421;3139458278;
206867054;3139458278;112651997;
206867054;112651997;3139458018;
206867054;3139458018;112651999;
206867054;112651999;3139458237;
206867054;3139458237;112652000;
206867054;112652000;112652001;
206867054;112652001;112652002;
206867054;112652002;112652003;
206867054;112652003;2102030066;
206867054;2102030066;112652004;
206867054;112652004;2622548693;
206867054;2622548693;2169139657;
206867054;2169139657;2169139649;
206867054;2169139649;2169139651;
206867054;2169139651;112652006;
206867054;112652006;112652009;
206867054;112652009;430284836;
206867054;430284836;112652011;
206867054;112652011;112652012;
206867054;112652012;112652014;
209633323;287458431;112613601;
209633323;112613601;3573222266;
166973018;112652015;112652017;
166973018;112652017;112652018;
166973018;112652018;112652019;
29035150;112651992;26057813;
29035150;26057813;112651993;
29035150;112651993;420776893;
29035150;420776893;420776894;
212708425;420776894;420776895;
212708425;420776895;112651994;
212708425;112651994;788826702;
212708425;788826702;788826710;
212708425;788826710;788826707;
212708425;788826707;788826682;
212708425;788826682;431925048;
212708425;431925048;2225262331;
126568160;1402787144;1402787140;
126568160;1402787140;1402787143;
126568160;1402787143;1402787134;
126568160;1402787134;1402787145;
126568160;1402787145;1402787136;
126568160;1402787136;3573222191;
160379536;1724272859;1724272889;
160379536;1724272889;1724272913;
160379536;1724272913;1724272852;
160379536;1724272852;3573222220;
160379536;3573222220;3573222223;
160379534;1724272859;1724272847;
160379534;1724272847;1724272905;
160379534;1724272905;1724272919;
160379534;1724272919;1724272861;
160379534;1724272861;1724272893;
160379534;1724272893;1724272850;
160379534;1724272850;1724272859;
160379537;1724272845;1724272916;
160379537;1724272916;3573222224;
160379537;3573222224;1724272903;
160379537;1724272903;1724272856;
160379537;1724272856;1724272908;
160379545;3573222221;3573222215;
160379545;3573222215;1724272896;
160379545;1724272896;1724272884;
160379547;1724272884;1724272867;
160379547;1724272867;1724272870;
160379547;1724272870;1724272863;
160379547;1724272863;1724272910;
160379547;1724272910;1724272901;
160379547;1724272901;1724272873;
160379547;1724272873;1724272854;
160379547;1724272854;1724272884;
37221650;445032798;433469142;
37221650;433469142;3573222264;
41380172;435240906;3573222096;
41380172;3573222096;506111738;
41380172;506111738;3573222097;
41380172;3573222097;2185756687;
126568161;1402787130;1402787146;
126568161;1402787146;1402787142;
126568161;1402787142;1402787137;
126568161;1402787137;1402787135;
367461723;3713816546;26122714;
367461725;25532222;3522106323;
367461725;3522106323;3522106321;
367461725;3522106321;3522106312;
367461725;3522106312;25532189;
367464148;3713843054;26122787;
367461722;26122713;3713816544;
367461722;3713816544;3713816545;
211339125;112651985;112651987;
211339125;112651987;1389528039;
211339125;1389528039;112651988;
211339125;112651988;26057846;
211339125;26057846;3713963405;
211339125;3713963405;3713963409;
211339125;3713963409;3139458027;
211339125;3139458027;2583924942;
211339125;2583924942;112651991;
367477467;26122786;3713963391;
367477467;3713963391;3713843054;
367477466;3713963964;3713963963;
367477466;3713963963;26122781;
367477465;26122787;3713843053;
367477465;3713843053;26122788;
367477469;26122784;26122785;
367477469;26122785;3713963402;
367477469;3713963402;26122786;
367477471;26122724;3713963956;
367477471;3713963956;3713963959;
367477471;3713963959;3713963962;
367477472;3713963949;26122723;
367477472;26122723;319309730;
367477472;319309730;26122724;
367522279;26122794;3713964000;
367522279;3713964000;3713963998;
367522279;3713963998;3713963996;
367522279;3713963996;3713963994;
367522279;3713963994;26122793;
367522279;26122793;3713963991;
367522279;3713963991;3713963989;
367522279;3713963989;26122792;
367522279;26122792;3713963985;
367522279;3713963985;3713963983;
367522279;3713963983;3713963981;
367522279;3713963981;3713963979;
367522279;3713963979;3713963978;
367522279;3713963978;26122791;
367522279;26122791;3713963975;
367522279;3713963975;3713963973;
367522279;3713963973;3713963971;
367522279;3713963971;3713963969;
367522279;3713963969;26122790;
367522279;26122790;3713963966;
367522279;3713963966;3713963964;
367477464;3713963940;3713963937;
367477464;3713963937;26122784;
367477473;26122781;3713963960;
367477473;3713963960;3713963957;
367477473;3713963957;26122782;
367477470;26122719;3713963389;
367477470;3713963389;3713963390;
367477470;3713963390;26122720;
367477474;26122782;3713963953;
367477474;3713963953;26122783;
367477474;26122783;3713963952;
367477474;3713963952;3713963948;
367477474;3713963948;3713963943;
367477474;3713963943;3713963940;
367477475;26122788;3713843051;
367477475;3713843051;3713843049;
367477475;3713843049;26122789;
367477475;26122789;3713816548;
367477475;3713816548;26122716;
367477475;26122716;3713816547;
367477475;3713816547;3713816546;
367477476;26122720;3713963416;
367477476;3713963416;26122721;
367477476;26122721;3713963927;
367477476;3713963927;3713963936;
367477476;3713963936;3713963939;
367477476;3713963939;26122722;
367477476;26122722;3713963946;
367477476;3713963946;3713963949;
367477477;26057801;3139458275;
367477477;3139458275;3713963951;
367477477;3713963951;3713963950;
367477477;3713963950;26057803;
367477477;26057803;3713963947;
367477477;3713963947;26057804;
367477477;26057804;3713963945;
367477477;3713963945;3713963944;
367477477;3713963944;3139458255;
367477477;3139458255;3713963942;
367477477;3713963942;26057805;
367477477;26057805;26057813;
4306660;26122784;3713963423;
4306660;3713963423;112652825;
4306660;112652825;3713963419;
4306660;3713963419;3713963417;
4306660;3713963417;3713963414;
4306660;3713963414;26057776;
4306660;26057776;3713963410;
4306660;3713963410;112652828;
4306660;112652828;3713963406;
4306660;3713963406;26057774;
4306660;26057774;3713963404;
4306660;3713963404;112652829;
4306660;112652829;3713963407;
4306660;3713963407;26057772;
4306660;26057772;3713963411;
4306660;3713963411;3713963412;
4306660;3713963412;112652830;
4306660;112652830;3713963418;
4306660;3713963418;3713963420;
4306660;3713963420;26057769;
4306660;26057769;3713963421;
4306660;3713963421;3713963422;
4306660;3713963422;112652831;
4306660;112652831;3713963424;
4306660;3713963424;26057767;
4306660;26057767;112652832;
4306660;112652832;3713963928;
4306660;3713963928;3713963929;
4306660;3713963929;3713963930;
4306660;3713963930;26057764;
4306660;26057764;112652833;
4306660;112652833;26057762;
4306660;26057762;3713963934;
4306660;3713963934;3713963933;
4306660;3713963933;3713963932;
4306660;3713963932;112652932;
367461726;25532211;3713666417;
367461726;3713666417;25532212;
367461726;25532212;3713666424;
367461726;3713666424;26122713;
4306658;26122781;3713963961;
4306658;3713963961;3713963958;
4306658;3713963958;3713963955;
4306658;3713963955;3713963954;
4306658;3713963954;26057801;
406682433;411504968;4087312908;
411775062;2185714894;435240906;
411775062;435240906;435240914;
411775062;435240914;420776943;
411775062;420776943;432578781;
411775062;432578781;412249451;
411775062;412249451;2103272929;
411775062;2103272929;412248019;
411775062;412248019;412249450;
411775062;412249450;412249449;
411775062;412249449;412249448;
411775062;412249448;411504977;
411775062;411504977;2169094763;
411775062;2169094763;411504979;
411775062;411504979;420777494;
411775062;420777494;411504981;
411775062;411504981;411504984;
411775062;411504984;411504987;
411775062;411504987;412249442;
411775062;412249442;2084090872;
411775062;2084090872;411504967;
411775062;411504967;128597080;
411775062;128597080;411834915;
411775062;411834915;411834914;
411775062;411834914;416007714;
411775062;416007714;287458449;
411775062;287458449;2605287683;
411775062;2605287683;287458447;
411775062;287458447;2084091557;
411775062;2084091557;2084091553;
411775062;2084091553;2084091570;
411775062;2084091570;2084091574;
411775062;2084091574;4133824545;
411775062;4133824545;2084091552;
411775062;2084091552;2084091573;
411775062;2084091573;2084091561;
411775062;2084091561;2084091572;
411775062;2084091572;2084091576;
411775062;2084091576;2084091555;
411775062;2084091555;2084091573;
