25532144;41.17271;-8.594767;-0.150007;0.7185993
25532202;41.17196;-8.596435;-0.1500361;0.7185863
25532193;41.17267;-8.595076;-0.1500124;0.7185986
26015876;41.16843;-8.589648;-0.1499176;0.7185246
26015899;41.17163;-8.604227;-0.1501721;0.7185805
26015900;41.1715;-8.604259;-0.1501726;0.7185783
26015881;41.17167;-8.594523;-0.1500027;0.7185811
26015907;41.17251;-8.606783;-0.1502167;0.7185959
26015901;41.17176;-8.604988;-0.1501854;0.7185827
26015915;41.17438;-8.610821;-0.1502872;0.7186285
26015917;41.17448;-8.611713;-0.1503028;0.7186303
26015880;41.17103;-8.59364;-0.1499873;0.7185701
26015919;41.17455;-8.612743;-0.1503207;0.7186315
26015870;41.16661;-8.585885;-0.149852;0.7184929
26015872;41.16668;-8.586287;-0.149859;0.7184942
26015874;41.16702;-8.587144;-0.1498739;0.7185
26015868;41.16657;-8.585238;-0.1498407;0.7184922
26015882;41.17131;-8.594064;-0.1499947;0.7185749
26015884;41.17165;-8.594792;-0.1500074;0.7185808
26122716;41.17518;-8.594015;-0.1499939;0.7186425
26122715;41.1753;-8.593762;-0.1499895;0.7186445
26122717;41.17591;-8.593556;-0.1499858;0.7186552
26122721;41.18055;-8.592943;-0.1499752;0.7187362
26122722;41.18153;-8.592938;-0.1499751;0.7187533
26122792;41.18838;-8.594941;-0.15001;0.7188728
26122718;41.17681;-8.593349;-0.1499822;0.7186709
112613584;41.18316;-8.613445;-0.150333;0.7187817
112613593;41.18459;-8.608738;-0.1502508;0.7188066
112613594;41.18461;-8.608285;-0.1502429;0.7188071
112613596;41.18459;-8.607367;-0.1502269;0.7188066
112613608;41.18059;-8.592617;-0.1499695;0.7187368
112613603;41.18244;-8.598184;-0.1500666;0.7187692
112651991;41.18074;-8.592571;-0.1499687;0.7187394
112651993;41.18181;-8.595385;-0.1500178;0.7187582
112653406;41.17961;-8.59281;-0.1499728;0.7187197
128560415;41.17861;-8.614022;-0.150343;0.7187023
128560423;41.17574;-8.613885;-0.1503406;0.7186521
128560413;41.1847;-8.613242;-0.1503294;0.7188085
128560441;41.16991;-8.612949;-0.1503243;0.7185504
128560443;41.16966;-8.612864;-0.1503228;0.7185462
128560436;41.17218;-8.612712;-0.1503202;0.7185902
128560426;41.175;-8.613606;-0.1503358;0.7186393
128569678;41.17402;-8.617059;-0.150396;0.7186221
128573644;41.17404;-8.617892;-0.1504106;0.7186225
128573643;41.17414;-8.617236;-0.1503991;0.7186242
128575849;41.17379;-8.61685;-0.1503924;0.7186182
128578699;41.1722;-8.60693;-0.1502193;0.7185904
128579822;41.17294;-8.60602;-0.1502034;0.7186034
128580163;41.17305;-8.6058;-0.1501995;0.7186053
128583743;41.17127;-8.60518;-0.1501887;0.7185743
128587405;41.17163;-8.602075;-0.1501345;0.7185804
128587408;41.17168;-8.602324;-0.1501389;0.7185814
128587402;41.17157;-8.60188;-0.1501311;0.7185794
128587399;41.17139;-8.601277;-0.1501206;0.7185763
128587410;41.17173;-8.602718;-0.1501458;0.7185823
128587416;41.17178;-8.603105;-0.1501525;0.7185831
128588848;41.17204;-8.603929;-0.1501669;0.7185876
128588850;41.1722;-8.604006;-0.1501682;0.7185904
128588853;41.17235;-8.6041;-0.1501699;0.7185931
128588840;41.17183;-8.603525;-0.1501598;0.718584
128588844;41.17186;-8.603698;-0.1501629;0.7185846
128588845;41.17193;-8.603836;-0.1501653;0.7185858
128591046;41.17186;-8.603233;-0.1501548;0.7185845
128591048;41.17196;-8.603422;-0.150158;0.7185863
128591050;41.17207;-8.603542;-0.1501601;0.7185881
128591062;41.1728;-8.604298;-0.1501733;0.7186009
128591076;41.17242;-8.60495;-0.1501847;0.7185943
128591079;41.17229;-8.604861;-0.1501832;0.7185921
128591080;41.17221;-8.604754;-0.1501813;0.7185906
128591902;41.17199;-8.604403;-0.1501752;0.7185867
128591905;41.17188;-8.604349;-0.1501742;0.7185848
128594096;41.17203;-8.604212;-0.1501718;0.7185875
128606054;41.1719;-8.604229;-0.1501721;0.7185852
128607704;41.17181;-8.60419;-0.1501714;0.7185836
128623931;41.17463;-8.612949;-0.1503243;0.7186328
128623933;41.17449;-8.612984;-0.1503249;0.7186304
128623934;41.17435;-8.612932;-0.150324;0.718628
128623935;41.17427;-8.612821;-0.1503221;0.7186267
128625785;41.17424;-8.613984;-0.1503424;0.718626
130075494;41.16671;-8.585389;-0.1498433;0.7184947
130075495;41.16675;-8.585938;-0.1498529;0.7184954
130075499;41.16826;-8.58904;-0.149907;0.7185217
130075513;41.17011;-8.592031;-0.1499592;0.718554
130075493;41.16671;-8.585215;-0.1498403;0.7184947
138206144;41.17055;-8.60487;-0.1501833;0.7185616
138206148;41.17119;-8.604227;-0.1501721;0.7185728
138206145;41.17072;-8.604701;-0.1501804;0.7185647
287458356;41.186;-8.613035;-0.1503258;0.7188314
287458362;41.18722;-8.612696;-0.1503199;0.7188526
287458436;41.17731;-8.607515;-0.1502295;0.7186796
287458438;41.17769;-8.607152;-0.1502231;0.7186863
287458425;41.18629;-8.603542;-0.1501601;0.7188364
287458423;41.18594;-8.603439;-0.1501583;0.7188302
287458443;41.17444;-8.609932;-0.1502717;0.7186296
287458452;41.17537;-8.608533;-0.1502472;0.7186458
297369932;41.17822;-8.616409;-0.1503847;0.7186955
297369934;41.17849;-8.61786;-0.15041;0.7187003
297880050;41.17539;-8.61648;-0.1503859;0.7186462
297880033;41.1756;-8.61492;-0.1503587;0.7186498
299574280;41.16806;-8.592099;-0.1499604;0.7185182
319309730;41.18246;-8.593085;-0.1499776;0.7187696
319327500;41.17131;-8.595741;-0.150024;0.7185749
319327503;41.16891;-8.59061;-0.1499344;0.7185331
343634650;41.1707;-8.603714;-0.1501631;0.7185642
343646698;41.17125;-8.608629;-0.1502489;0.7185738
343646700;41.1719;-8.608912;-0.1502539;0.7185853
343646695;41.17051;-8.609556;-0.1502651;0.7185609
343646688;41.17095;-8.611279;-0.1502952;0.7185686
343646736;41.17127;-8.619432;-0.1504375;0.7185743
297880042;41.17505;-8.618967;-0.1504294;0.7186401
297880051;41.17521;-8.617892;-0.1504106;0.7186429
297880041;41.17512;-8.618548;-0.1504221;0.7186415
297880052;41.17494;-8.619731;-0.1504427;0.7186383
401623786;41.17381;-8.592567;-0.1499686;0.7186186
403124585;41.17109;-8.604014;-0.1501684;0.7185711
138206146;41.17096;-8.604509;-0.150177;0.7185689
343634629;41.16958;-8.596073;-0.1500298;0.7185448
128581928;41.17316;-8.605671;-0.1501973;0.7186073
128581932;41.17281;-8.605422;-0.1501929;0.7186012
128586494;41.17252;-8.605285;-0.1501905;0.7185961
128586498;41.17225;-8.604951;-0.1501847;0.7185914
128586496;41.1724;-8.605186;-0.1501888;0.718594
128586497;41.17232;-8.60507;-0.1501868;0.7185925
128586500;41.17218;-8.604804;-0.1501822;0.71859
128583033;41.1716;-8.605619;-0.1501964;0.71858
128583031;41.17207;-8.605379;-0.1501922;0.7185881
343634627;41.17068;-8.595457;-0.150019;0.7185639
343634628;41.17038;-8.595646;-0.1500223;0.7185587
343646747;41.16949;-8.621783;-0.1504785;0.7185431
343646753;41.17076;-8.620192;-0.1504507;0.7185653
411506246;41.17435;-8.606076;-0.1502044;0.718628
411504965;41.17003;-8.597292;-0.1500511;0.7185525
411504967;41.17371;-8.605257;-0.1501901;0.7186167
411504968;41.17374;-8.605592;-0.1501959;0.7186174
411504979;41.17395;-8.600734;-0.1501111;0.718621
411504986;41.17376;-8.601566;-0.1501257;0.7186177
411504988;41.17366;-8.605626;-0.1501965;0.7186159
411504995;41.17181;-8.598047;-0.1500642;0.7185837
411504997;41.17222;-8.598296;-0.1500686;0.7185908
411504969;41.17384;-8.605885;-0.150201;0.7186191
411644943;41.17119;-8.605328;-0.1501913;0.7185728
343646751;41.17012;-8.617414;-0.1504023;0.7185541
287458449;41.17277;-8.610378;-0.1502794;0.7186003
411834913;41.17294;-8.609511;-0.1502643;0.7186033
411834914;41.17312;-8.608396;-0.1502448;0.7186065
411834915;41.17332;-8.607331;-0.1502263;0.71861
128597080;41.17363;-8.605811;-0.1501997;0.7186154
343646744;41.17074;-8.615391;-0.1503669;0.7185649
411831029;41.17085;-8.614987;-0.1503599;0.7185669
411831031;41.17085;-8.613751;-0.1503383;0.7185669
343646757;41.16944;-8.618671;-0.1504242;0.7185422
411835470;41.17204;-8.598188;-0.1500667;0.7185876
343634632;41.16885;-8.59284;-0.1499733;0.7185319
343634626;41.17105;-8.594869;-0.1500088;0.7185705
343634624;41.17043;-8.593027;-0.1499766;0.7185595
343634625;41.17126;-8.594471;-0.1500018;0.718574
411917815;41.17123;-8.594299;-0.1499988;0.7185735
128560446;41.16701;-8.611739;-0.1503032;0.7184999
412246606;41.17698;-8.604337;-0.150174;0.7186739
412246607;41.17762;-8.605254;-0.15019;0.7186851
412246603;41.17653;-8.603923;-0.1501668;0.718666
412246604;41.17671;-8.604003;-0.1501682;0.7186692
412246600;41.17854;-8.606313;-0.1502085;0.7187011
412248004;41.17661;-8.601693;-0.1501279;0.7186674
412248006;41.176;-8.600886;-0.1501138;0.7186568
412249448;41.175;-8.599947;-0.1500974;0.7186394
412246602;41.17639;-8.603919;-0.1501667;0.7186635
412249450;41.17541;-8.600165;-0.1501012;0.7186464
412249451;41.17612;-8.600151;-0.1501009;0.7186589
416007714;41.17297;-8.60932;-0.150261;0.7186038
416007731;41.16982;-8.608363;-0.1502443;0.718549
416007732;41.17011;-8.609067;-0.1502566;0.718554
138205703;41.1699;-8.605688;-0.1501976;0.7185502
420774512;41.18135;-8.609386;-0.1502621;0.7187501
420776945;41.18033;-8.598083;-0.1500649;0.7187323
420776961;41.18017;-8.59477;-0.150007;0.7187296
420776909;41.18218;-8.597191;-0.1500493;0.7187647
420807841;41.18356;-8.603076;-0.150152;0.7187887
420865854;41.18663;-8.61496;-0.1503594;0.7188424
420865856;41.18648;-8.6138;-0.1503392;0.7188397
420865858;41.18596;-8.613042;-0.1503259;0.7188306
428670445;41.17102;-8.608546;-0.1502475;0.7185698
429205569;41.1824;-8.596945;-0.150045;0.7187684
429205572;41.18374;-8.596943;-0.150045;0.7187919
429205575;41.18545;-8.596891;-0.1500441;0.7188216
429200554;41.18661;-8.614401;-0.1503497;0.718842
429833942;41.18258;-8.597414;-0.1500532;0.7187716
429833943;41.18295;-8.597868;-0.1500611;0.7187781
429833960;41.1852;-8.601625;-0.1501267;0.7188174
429833962;41.18571;-8.602242;-0.1501374;0.7188262
429833953;41.18362;-8.598844;-0.1500781;0.7187898
429833945;41.18326;-8.598262;-0.150068;0.7187834
430006697;41.18023;-8.60515;-0.1501882;0.7187306
430012030;41.17681;-8.599139;-0.1500833;0.7186708
430012058;41.17606;-8.597285;-0.1500509;0.7186577
430012057;41.17606;-8.597052;-0.1500469;0.7186578
430273240;41.18373;-8.597773;-0.1500594;0.7187917
430273244;41.18373;-8.598787;-0.1500771;0.7187917
430273247;41.18304;-8.596598;-0.1500389;0.7187796
430267068;41.18596;-8.603835;-0.1501652;0.7188305
430267069;41.18601;-8.60419;-0.1501714;0.7188315
430267067;41.18581;-8.603538;-0.1501601;0.7188279
430267070;41.186;-8.604497;-0.1501768;0.7188312
430284754;41.18604;-8.611999;-0.1503077;0.7188321
430284757;41.18613;-8.610374;-0.1502794;0.7188335
430284823;41.18606;-8.61418;-0.1503458;0.7188324
430284826;41.18607;-8.614038;-0.1503433;0.7188325
430284834;41.18381;-8.612552;-0.1503174;0.718793
430284844;41.18466;-8.61396;-0.150342;0.7188079
430284846;41.18433;-8.613941;-0.1503416;0.7188021
430284828;41.18626;-8.61346;-0.1503332;0.7188358
430284792;41.18533;-8.614884;-0.1503581;0.7188196
430284841;41.18572;-8.613703;-0.1503375;0.7188265
430284791;41.18563;-8.615592;-0.1503704;0.7188249
430284842;41.1855;-8.614095;-0.1503443;0.7188225
430284822;41.18606;-8.61481;-0.1503568;0.7188323
430284820;41.18599;-8.615209;-0.1503638;0.7188312
430284839;41.18608;-8.613216;-0.150329;0.7188328
430284831;41.18382;-8.613697;-0.1503374;0.7187932
429833964;41.18624;-8.60313;-0.150153;0.7188356
431647245;41.18253;-8.613532;-0.1503345;0.7187707
431647254;41.18227;-8.616794;-0.1503914;0.7187662
431647259;41.18227;-8.617025;-0.1503955;0.7187662
431647261;41.18223;-8.617309;-0.1504004;0.7187655
431647262;41.18212;-8.61754;-0.1504045;0.7187635
431647264;41.182;-8.617661;-0.1504066;0.7187614
431647266;41.18183;-8.617746;-0.150408;0.7187585
431647269;41.1817;-8.617789;-0.1504088;0.7187563
431647272;41.18111;-8.617841;-0.1504097;0.7187459
431647273;41.17971;-8.618407;-0.1504196;0.7187214
431947932;41.18539;-8.593007;-0.1499763;0.7188206
431925046;41.18509;-8.602097;-0.1501349;0.7188154
431925047;41.18526;-8.601708;-0.1501281;0.7188184
431947954;41.18776;-8.596007;-0.1500286;0.718862
431947967;41.18575;-8.593454;-0.1499841;0.7188268
431947973;41.18619;-8.592166;-0.1499616;0.7188346
431947975;41.18629;-8.592549;-0.1499683;0.7188364
431947977;41.18633;-8.592762;-0.149972;0.718837
431947979;41.18631;-8.592886;-0.1499742;0.7188367
431947960;41.18631;-8.594756;-0.1500068;0.7188367
432578810;41.17299;-8.598751;-0.1500765;0.7186043
432578852;41.17584;-8.593301;-0.1499814;0.718654
432578853;41.17519;-8.593524;-0.1499853;0.7186427
432578859;41.17429;-8.592511;-0.1499676;0.7186269
432578860;41.17335;-8.592657;-0.1499702;0.7186105
432578861;41.17285;-8.592854;-0.1499736;0.7186018
432578862;41.17244;-8.59306;-0.1499772;0.7185946
432578863;41.17209;-8.593318;-0.1499817;0.7185886
432578864;41.17193;-8.593438;-0.1499838;0.7185858
432578830;41.1761;-8.595953;-0.1500277;0.7186585
432578831;41.17543;-8.594192;-0.1499969;0.7186468
432578906;41.17458;-8.59451;-0.1500025;0.718632
432578908;41.17408;-8.594823;-0.150008;0.7186232
432578916;41.17331;-8.595182;-0.1500142;0.7186099
432578919;41.17246;-8.595844;-0.1500258;0.718595
432578938;41.17322;-8.59807;-0.1500646;0.7186082
26057853;41.18035;-8.59204;-0.1499594;0.7187327
26122719;41.1771;-8.593305;-0.1499815;0.718676
432597946;41.17936;-8.609296;-0.1502606;0.7187155
432597952;41.17556;-8.609751;-0.1502685;0.718649
432597953;41.17579;-8.610523;-0.150282;0.7186531
432597949;41.17667;-8.611871;-0.1503055;0.7186685
26015911;41.17397;-8.609079;-0.1502568;0.7186213
432862422;41.1841;-8.598427;-0.1500709;0.7187982
433073105;41.18444;-8.59664;-0.1500397;0.7188042
433469155;41.18618;-8.591834;-0.1499558;0.7188344
430284763;41.18662;-8.610469;-0.150281;0.7188421
434137193;41.18582;-8.615483;-0.1503686;0.7188282
435206313;41.18801;-8.596364;-0.1500349;0.7188665
429200553;41.18811;-8.596501;-0.1500373;0.7188682
429205582;41.18667;-8.596831;-0.150043;0.718843
429205593;41.18755;-8.59666;-0.15004;0.7188583
435206312;41.18685;-8.595028;-0.1500115;0.7188461
435240867;41.17691;-8.612308;-0.1503131;0.7186726
435240873;41.17712;-8.612799;-0.1503217;0.7186763
435240932;41.17542;-8.593438;-0.1499838;0.7186466
435240964;41.17651;-8.613195;-0.1503286;0.7186656
435240898;41.17596;-8.595592;-0.1500214;0.7186561
435240906;41.1778;-8.598452;-0.1500713;0.7186882
435240927;41.17649;-8.593233;-0.1499802;0.7186653
435240930;41.17596;-8.593233;-0.1499802;0.7186561
435240968;41.17494;-8.612768;-0.1503212;0.7186383
435240969;41.17488;-8.611824;-0.1503047;0.7186372
435240970;41.17512;-8.611807;-0.1503044;0.7186413
435240972;41.17507;-8.610631;-0.1502839;0.7186406
435240974;41.17477;-8.610631;-0.1502839;0.7186354
435240914;41.17772;-8.59849;-0.150072;0.7186868
435240917;41.17704;-8.594302;-0.1499989;0.7186748
435240959;41.17751;-8.594282;-0.1499985;0.7186831
435759033;41.1851;-8.604177;-0.1501712;0.7188156
444004614;41.18451;-8.607109;-0.1502224;0.7188052
444004621;41.18384;-8.607596;-0.1502309;0.7187936
444004622;41.18383;-8.607943;-0.1502369;0.7187935
444004623;41.18382;-8.608321;-0.1502436;0.7187933
444004626;41.18383;-8.607822;-0.1502348;0.7187935
444004628;41.18382;-8.608269;-0.1502426;0.7187933
444004630;41.18375;-8.608135;-0.1502403;0.718792
444004631;41.18367;-8.608213;-0.1502417;0.7187907
444004615;41.18444;-8.606974;-0.15022;0.7188042
444004616;41.1843;-8.606813;-0.1502172;0.7188017
444004617;41.18414;-8.606757;-0.1502163;0.7187988
444004618;41.18397;-8.60683;-0.1502175;0.7187958
444011306;41.17694;-8.607896;-0.1502361;0.7186731
444011305;41.17767;-8.607094;-0.1502221;0.7186859
444011307;41.17728;-8.607457;-0.1502285;0.7186792
444011308;41.17553;-8.608378;-0.1502445;0.7186486
444011312;41.17707;-8.607746;-0.1502335;0.7186754
444011320;41.17495;-8.605772;-0.1501991;0.7186384
444011321;41.17521;-8.605737;-0.1501984;0.718643
444011309;41.17836;-8.606492;-0.1502116;0.7186979
444004632;41.18359;-8.608257;-0.1502424;0.7187892
444004633;41.18346;-8.608257;-0.1502424;0.7187869
444004634;41.18324;-8.608208;-0.1502416;0.718783
444004638;41.1826;-8.60787;-0.1502357;0.7187719
444004649;41.18136;-8.611452;-0.1502982;0.7187504
444004639;41.18244;-8.607871;-0.1502357;0.7187691
444004653;41.18377;-8.610447;-0.1502807;0.7187924
444004651;41.18202;-8.611417;-0.1502976;0.7187619
444004654;41.18375;-8.610109;-0.1502748;0.718792
444004648;41.18139;-8.613677;-0.150337;0.7187508
444004650;41.18213;-8.613584;-0.1503354;0.7187636
444004668;41.17552;-8.609095;-0.1502571;0.7186484
444004669;41.17463;-8.606433;-0.1502106;0.7186328
444004677;41.17546;-8.607591;-0.1502308;0.7186474
444004678;41.17561;-8.607677;-0.1502323;0.71865
444004681;41.17647;-8.607396;-0.1502274;0.718665
444004682;41.17676;-8.607223;-0.1502244;0.71867
444004683;41.17703;-8.60705;-0.1502214;0.7186747
444004662;41.17715;-8.608694;-0.1502501;0.7186768
444004663;41.17693;-8.608856;-0.1502529;0.7186731
444004664;41.17672;-8.608972;-0.1502549;0.7186693
444017058;41.17035;-8.599498;-0.1500895;0.7185581
444017059;41.17097;-8.599427;-0.1500883;0.718569
444017060;41.17101;-8.599379;-0.1500875;0.7185698
444017061;41.17043;-8.599414;-0.1500881;0.7185596
444017062;41.17041;-8.599041;-0.1500816;0.7185593
444017064;41.17106;-8.598976;-0.1500804;0.7185706
444017067;41.17111;-8.598611;-0.1500741;0.7185715
444017069;41.17069;-8.598269;-0.1500681;0.7185641
444017071;41.17016;-8.599509;-0.1500898;0.7185548
444026518;41.18132;-8.596098;-0.1500302;0.7187496
444026520;41.181;-8.595908;-0.1500269;0.7187441
444026522;41.1804;-8.595502;-0.1500198;0.7187337
444026524;41.18005;-8.595274;-0.1500158;0.7187275
444026528;41.1812;-8.595437;-0.1500187;0.7187476
444026527;41.18057;-8.595032;-0.1500116;0.7187365
445028134;41.18621;-8.593997;-0.1499935;0.7188349
445439261;41.17253;-8.600017;-0.1500986;0.7185962
445439347;41.17396;-8.600578;-0.1501084;0.7186212
445439255;41.17333;-8.600507;-0.1501072;0.7186102
474797429;41.16756;-8.611973;-0.1503073;0.7185096
112652932;41.18095;-8.593472;-0.1499844;0.7187431
428670446;41.17055;-8.60866;-0.1502495;0.7185616
428670447;41.1706;-8.609218;-0.1502592;0.7185625
428670443;41.1708;-8.609835;-0.15027;0.7185661
504782506;41.17144;-8.608255;-0.1502424;0.7185773
504782511;41.17164;-8.608281;-0.1502429;0.7185807
504782513;41.1719;-8.608273;-0.1502427;0.7185852
506111741;41.17836;-8.594248;-0.1499979;0.7186979
506111742;41.17832;-8.593853;-0.149991;0.7186973
431615499;41.18589;-8.601326;-0.1501215;0.7188293
431615497;41.18543;-8.600871;-0.1501135;0.7188213
431615496;41.18502;-8.601042;-0.1501165;0.7188141
431615498;41.18559;-8.600924;-0.1501144;0.7188242
431615495;41.18492;-8.601235;-0.1501199;0.7188124
420776895;41.18234;-8.597224;-0.1500499;0.7187674
112651994;41.18238;-8.597376;-0.1500525;0.7187681
112651997;41.18458;-8.606362;-0.1502094;0.7188065
112652000;41.18474;-8.607392;-0.1502273;0.7188093
112651995;41.18346;-8.601417;-0.150123;0.7187871
112652015;41.18333;-8.613437;-0.1503328;0.7187846
430273270;41.18765;-8.597891;-0.1500615;0.7188601
429205596;41.188;-8.596569;-0.1500384;0.7188662
128560419;41.17762;-8.614101;-0.1503444;0.7186851
429205589;41.1871;-8.596741;-0.1500414;0.7188505
431947948;41.18666;-8.594838;-0.1500082;0.7188427
431947950;41.18678;-8.594915;-0.1500096;0.7188449
431947952;41.18713;-8.59522;-0.1500149;0.7188511
474794842;41.16716;-8.611812;-0.1503045;0.7185026
411504977;41.17468;-8.599753;-0.150094;0.7186337
430284777;41.18824;-8.611872;-0.1503055;0.7188704
430284773;41.18793;-8.611488;-0.1502988;0.718865
430284766;41.18741;-8.611179;-0.1502934;0.7188559
430284769;41.18754;-8.611181;-0.1502935;0.7188581
430284786;41.18835;-8.612098;-0.1503095;0.7188722
430284775;41.18811;-8.611716;-0.1503028;0.7188681
430284771;41.18774;-8.611294;-0.1502954;0.7188617
430284788;41.18842;-8.612293;-0.1503129;0.7188734
444017065;41.16973;-8.598784;-0.1500771;0.7185473
416007715;41.17097;-8.6062;-0.1502065;0.718569
343634640;41.16996;-8.603496;-0.1501593;0.7185513
444017068;41.16971;-8.598374;-0.1500699;0.718547
404746922;41.17015;-8.606424;-0.1502104;0.7185547
316511865;41.1705;-8.606645;-0.1502143;0.7185608
433073097;41.18559;-8.597958;-0.1500627;0.7188242
433073106;41.18476;-8.596349;-0.1500346;0.7188097
433073096;41.18558;-8.597575;-0.150056;0.7188239
430273263;41.18612;-8.59684;-0.1500432;0.7188334
430273266;41.18612;-8.597948;-0.1500625;0.7188334
433073103;41.18445;-8.596944;-0.150045;0.7188042
112613581;41.18275;-8.61725;-0.1503994;0.7187747
112613586;41.18323;-8.612714;-0.1503202;0.718783
112613587;41.18331;-8.61248;-0.1503161;0.7187843
112613588;41.18341;-8.612226;-0.1503117;0.7187861
431647219;41.1828;-8.616784;-0.1503913;0.7187755
112613589;41.18375;-8.611374;-0.1502968;0.718792
435759032;41.18488;-8.603663;-0.1501622;0.7188118
431615501;41.18851;-8.604712;-0.1501805;0.7188751
287458427;41.18715;-8.60384;-0.1501653;0.7188514
430267072;41.18775;-8.604239;-0.1501723;0.7188618
128594093;41.17171;-8.60426;-0.1501727;0.7185819
128586501;41.17211;-8.604597;-0.1501786;0.7185889
128591901;41.17206;-8.604479;-0.1501765;0.718588
128592673;41.17097;-8.604859;-0.1501831;0.7185689
26122781;41.18406;-8.593787;-0.1499899;0.7187974
128560439;41.17037;-8.612925;-0.1503239;0.7185585
416011692;41.16984;-8.621626;-0.1504758;0.7185493
128566335;41.17183;-8.612757;-0.150321;0.7185839
343646748;41.17173;-8.61799;-0.1504123;0.7185823
343646742;41.16882;-8.619678;-0.1504418;0.7185314
343646749;41.1718;-8.616427;-0.150385;0.7185835
343646737;41.16999;-8.617606;-0.1504056;0.7185519
411831028;41.17062;-8.616508;-0.1503864;0.718563
416011700;41.17161;-8.618921;-0.1504285;0.7185802
343646745;41.17183;-8.613295;-0.1503303;0.7185839
429205574;41.18505;-8.596914;-0.1500445;0.7188147
430273258;41.18493;-8.598196;-0.1500668;0.7188125
430273261;41.18409;-8.598765;-0.1500768;0.718798
432862423;41.18468;-8.597424;-0.1500534;0.7188084
432862420;41.18502;-8.597345;-0.150052;0.7188141
432578828;41.17692;-8.595286;-0.1500161;0.7186729
432578827;41.17694;-8.595888;-0.1500265;0.7186733
412247985;41.17638;-8.603765;-0.150164;0.7186635
412247996;41.17682;-8.602172;-0.1501362;0.7186711
412247991;41.17672;-8.602757;-0.1501464;0.7186693
412248019;41.1758;-8.600197;-0.1501018;0.7186534
432578826;41.17699;-8.596059;-0.1500295;0.718674
430012027;41.1764;-8.597526;-0.1500551;0.7186638
412248000;41.17678;-8.601951;-0.1501324;0.7186703
430012028;41.17644;-8.597821;-0.1500603;0.7186644
411504984;41.17379;-8.601234;-0.1501199;0.7186182
412248011;41.1759;-8.600744;-0.1501113;0.718655
287458447;41.17394;-8.610381;-0.1502795;0.7186208
287458454;41.17536;-8.608898;-0.1502536;0.7186456
287458456;41.175;-8.609409;-0.1502625;0.7186394
412246608;41.17835;-8.606237;-0.1502072;0.7186978
432597947;41.17731;-8.609235;-0.1502595;0.7186797
432597951;41.1754;-8.609168;-0.1502583;0.7186463
435240919;41.17475;-8.609684;-0.1502673;0.718635
444004665;41.17645;-8.609017;-0.1502557;0.7186646
444004666;41.17611;-8.609034;-0.150256;0.7186586
444004667;41.1757;-8.609021;-0.1502558;0.7186517
444004670;41.17487;-8.606714;-0.1502155;0.718637
444004671;41.17503;-8.606919;-0.1502191;0.7186398
444004672;41.17515;-8.607183;-0.1502237;0.718642
444004673;41.1753;-8.607876;-0.1502358;0.7186445
444004674;41.17532;-8.608094;-0.1502396;0.7186449
444004676;41.17525;-8.607472;-0.1502287;0.7186437
444004679;41.17586;-8.607696;-0.1502326;0.7186543
444004680;41.17619;-8.6076;-0.150231;0.7186601
444011311;41.17536;-8.608431;-0.1502455;0.7186456
444011323;41.17556;-8.605751;-0.1501987;0.7186491
444011315;41.17445;-8.606249;-0.1502074;0.7186297
432578925;41.17241;-8.596037;-0.1500292;0.7185941
430006694;41.17848;-8.598961;-0.1500802;0.7187001
128571478;41.17459;-8.61114;-0.1502928;0.7186322
128571477;41.17467;-8.611549;-0.1502999;0.7186337
128571476;41.17477;-8.612653;-0.1503191;0.7186354
26015923;41.1744;-8.614458;-0.1503507;0.7186289
128573640;41.17428;-8.616114;-0.1503796;0.7186268
128623929;41.17471;-8.612837;-0.1503224;0.7186343
128575847;41.1737;-8.617978;-0.1504121;0.7186167
128577510;41.17422;-8.612638;-0.1503189;0.7186257
128577516;41.17418;-8.611321;-0.1502959;0.7186251
411831032;41.17377;-8.616995;-0.1503949;0.7186179
128569766;41.1739;-8.617028;-0.1503955;0.7186201
128571479;41.17445;-8.610641;-0.150284;0.7186297
130075497;41.16697;-8.586669;-0.1498656;0.7184991
130075496;41.16682;-8.586281;-0.1498589;0.7184966
130075498;41.16721;-8.587191;-0.1498747;0.7185034
287458354;41.18843;-8.612393;-0.1503146;0.7188737
112613592;41.18443;-8.609539;-0.1502648;0.7188038
416007716;41.16995;-8.607896;-0.1502361;0.7185512
416007724;41.17003;-8.607973;-0.1502375;0.7185526
428050313;41.17089;-8.607457;-0.1502285;0.7185676
428050315;41.17072;-8.607473;-0.1502288;0.7185647
428050316;41.17053;-8.607601;-0.150231;0.7185614
428050318;41.17027;-8.607666;-0.1502321;0.7185568
428050319;41.17015;-8.60778;-0.1502341;0.7185546
428670442;41.17098;-8.607457;-0.1502285;0.7185692
428670444;41.17068;-8.608411;-0.1502451;0.7185639
428670448;41.17102;-8.607007;-0.1502206;0.7185698
504782500;41.17104;-8.608314;-0.1502434;0.7185702
128560437;41.17108;-8.612836;-0.1503223;0.7185709
425725650;41.17031;-8.610133;-0.1502752;0.7185575
343646697;41.17179;-8.611167;-0.1502932;0.7185832
343646696;41.17118;-8.610188;-0.1502761;0.7185727
425725652;41.1684;-8.612337;-0.1503136;0.718524
343646689;41.16942;-8.608568;-0.1502479;0.7185419
411831030;41.17117;-8.6144;-0.1503496;0.7185724
112654450;41.18004;-8.591718;-0.1499538;0.7187272
287458391;41.1893;-8.605106;-0.1501874;0.7188889
297369724;41.17567;-8.591671;-0.1499529;0.7186509
432578854;41.17469;-8.592427;-0.1499662;0.7186339
432578858;41.17475;-8.592408;-0.1499658;0.7186349
412249443;41.1745;-8.603812;-0.1501649;0.7186307
412249446;41.1762;-8.603909;-0.1501665;0.7186602
504782514;41.17221;-8.6078;-0.1502345;0.7185907
112613595;41.18462;-8.607833;-0.150235;0.7188073
112652001;41.18476;-8.607854;-0.1502354;0.7188097
112652002;41.18474;-8.60846;-0.150246;0.7188094
112652003;41.18469;-8.60889;-0.1502535;0.7188084
112652004;41.18455;-8.609679;-0.1502672;0.718806
112652006;41.18437;-8.610345;-0.1502789;0.7188028
112652009;41.18417;-8.610888;-0.1502883;0.7187993
112652011;41.18367;-8.612095;-0.1503094;0.7187907
112652012;41.18353;-8.612453;-0.1503157;0.7187883
430284836;41.18379;-8.611817;-0.1503046;0.7187927
430284833;41.18381;-8.613351;-0.1503313;0.7187931
430284829;41.18387;-8.614959;-0.1503594;0.7187941
446308245;41.18449;-8.609565;-0.1502652;0.7188049
446308246;41.18453;-8.609619;-0.1502662;0.7188056
420807840;41.18204;-8.597239;-0.1500501;0.7187623
412256453;41.17193;-8.598462;-0.1500715;0.7185858
444004644;41.18224;-8.608915;-0.1502539;0.7187656
128588856;41.17247;-8.604216;-0.1501719;0.7185952
128588858;41.17258;-8.604371;-0.1501746;0.7185971
446308242;41.1846;-8.609164;-0.1502583;0.7188069
446308243;41.18456;-8.609383;-0.1502621;0.7188062
128560429;41.17407;-8.613298;-0.1503304;0.7186231
409118177;41.16834;-8.589499;-0.149915;0.7185231
26015879;41.17123;-8.593703;-0.1499884;0.7185736
26015913;41.17419;-8.609815;-0.1502696;0.7186252
26015928;41.17368;-8.618799;-0.1504264;0.7186163
112613597;41.18451;-8.606876;-0.1502183;0.7188053
112613600;41.18383;-8.60378;-0.1501643;0.7187935
112651999;41.18468;-8.606904;-0.1502188;0.7188083
287458431;41.18377;-8.603483;-0.1501591;0.7187923
112613598;41.18422;-8.605578;-0.1501957;0.7188002
432597954;41.17646;-8.611579;-0.1503004;0.7186649
128560421;41.17637;-8.614098;-0.1503444;0.7186633
128560420;41.17655;-8.61413;-0.1503449;0.7186663
435240876;41.17731;-8.61329;-0.1503303;0.7186797
435240878;41.17751;-8.613825;-0.1503396;0.7186832
297369929;41.17767;-8.614229;-0.1503467;0.7186859
297369931;41.17804;-8.615541;-0.1503696;0.7186923
297369930;41.17788;-8.614985;-0.1503599;0.7186896
297369933;41.17837;-8.61722;-0.1503989;0.7186981
431647237;41.17846;-8.61767;-0.1504067;0.7186996
431647238;41.17859;-8.618458;-0.1504205;0.718702
431647274;41.17918;-8.618478;-0.1504208;0.7187123
444004619;41.18386;-8.607044;-0.1502213;0.718794
444004620;41.18384;-8.607374;-0.150227;0.7187936
444004625;41.18437;-8.607395;-0.1502274;0.7188028
444004627;41.18436;-8.607843;-0.1502352;0.7188026
444004629;41.18435;-8.608297;-0.1502431;0.7188025
128573633;41.17466;-8.614177;-0.1503457;0.7186334
128573635;41.17452;-8.614928;-0.1503589;0.718631
128575853;41.17418;-8.614077;-0.150344;0.7186249
128577517;41.17416;-8.610717;-0.1502854;0.7186247
128577519;41.17403;-8.609982;-0.1502725;0.7186223
128579831;41.17289;-8.60708;-0.1502219;0.7186025
128580166;41.17298;-8.605908;-0.1502014;0.718604
128583030;41.1723;-8.605332;-0.1501914;0.7185922
128583736;41.17147;-8.605457;-0.1501936;0.7185777
128583739;41.17139;-8.605396;-0.1501925;0.7185763
128583741;41.17134;-8.605321;-0.1501912;0.7185754
128583745;41.17123;-8.604998;-0.1501855;0.7185735
128583747;41.1712;-8.60482;-0.1501824;0.718573
128583748;41.1712;-8.604618;-0.1501789;0.718573
128583750;41.17121;-8.604462;-0.1501762;0.7185732
128583753;41.17126;-8.604206;-0.1501717;0.7185741
128591054;41.17239;-8.603845;-0.1501654;0.7185938
128591056;41.17256;-8.603998;-0.1501681;0.7185967
128591059;41.17271;-8.604149;-0.1501707;0.7185994
128591064;41.17284;-8.604469;-0.1501763;0.7186016
128591066;41.17284;-8.604597;-0.1501786;0.7186016
128591068;41.17282;-8.604707;-0.1501805;0.7186012
128591070;41.17276;-8.604836;-0.1501827;0.7186002
128591072;41.17265;-8.60492;-0.1501842;0.7185982
128591075;41.17257;-8.604957;-0.1501848;0.7185968
128594097;41.17223;-8.604271;-0.1501729;0.718591
128594098;41.1724;-8.604379;-0.1501747;0.718594
128594099;41.17257;-8.604541;-0.1501776;0.7185969
128594102;41.17269;-8.604725;-0.1501808;0.718599
128594103;41.17281;-8.604959;-0.1501849;0.7186011
128594106;41.17287;-8.605169;-0.1501885;0.7186021
128594107;41.1729;-8.605367;-0.150192;0.7186028
128594109;41.17291;-8.605643;-0.1501968;0.7186029
128594110;41.17288;-8.605941;-0.150202;0.7186024
128594112;41.17286;-8.606115;-0.150205;0.718602
128616477;41.1748;-8.613621;-0.150336;0.7186359
128616478;41.17425;-8.613458;-0.1503332;0.7186262
128617100;41.17425;-8.613314;-0.1503307;0.7186262
128617101;41.17483;-8.613475;-0.1503335;0.7186364
128625787;41.17433;-8.613924;-0.1503413;0.7186276
128625788;41.17441;-8.613924;-0.1503413;0.7186291
128625791;41.1745;-8.613947;-0.1503417;0.7186307
128625793;41.17458;-8.614011;-0.1503429;0.7186319
26015902;41.17163;-8.605023;-0.150186;0.7185806
26015903;41.17192;-8.605606;-0.1501962;0.7185857
26015904;41.17182;-8.605692;-0.1501977;0.7185838
26015905;41.17217;-8.606189;-0.1502063;0.7185899
26015906;41.17204;-8.606219;-0.1502069;0.7185877
26015908;41.17243;-8.606877;-0.1502184;0.7185944
26015909;41.17354;-8.6082;-0.1502414;0.7186139
26015921;41.17453;-8.61361;-0.1503359;0.7186312
26015922;41.17442;-8.613603;-0.1503357;0.7186292
26015924;41.17432;-8.614338;-0.1503486;0.7186274
444011310;41.17833;-8.606437;-0.1502107;0.7186974
446308244;41.18453;-8.609488;-0.1502639;0.7188057
444004655;41.18369;-8.609499;-0.1502641;0.7187909
112613590;41.18438;-8.609692;-0.1502675;0.7188029
444004652;41.1838;-8.611238;-0.1502945;0.718793
112613604;41.18178;-8.595735;-0.1500239;0.7187577
420776894;41.1823;-8.59713;-0.1500482;0.7187668
429833940;41.18239;-8.597207;-0.1500496;0.7187684
444011313;41.17699;-8.608079;-0.1502393;0.7186741
287458451;41.17686;-8.608004;-0.150238;0.7186717
420776893;41.18192;-8.595749;-0.1500241;0.71876
130075712;41.16889;-8.590095;-0.1499254;0.7185326
299612575;41.16768;-8.588261;-0.1498934;0.7185116
444023189;41.16731;-8.587362;-0.1498777;0.7185051
128581937;41.17257;-8.605329;-0.1501913;0.7185969
128578693;41.17272;-8.607433;-0.1502281;0.7185995
128578696;41.17248;-8.607185;-0.1502237;0.7185953
128578702;41.17185;-8.606524;-0.1502122;0.7185843
128578704;41.17171;-8.606283;-0.150208;0.7185819
128578701;41.17199;-8.606716;-0.1502155;0.7185869
128587401;41.17147;-8.60161;-0.1501264;0.7185778
128579264;41.17319;-8.607712;-0.1502329;0.7186078
128583757;41.17134;-8.603672;-0.1501624;0.7185755
128583756;41.17131;-8.603961;-0.1501675;0.7185749
128583760;41.17126;-8.602677;-0.150145;0.7185741
26015888;41.17176;-8.595296;-0.1500162;0.7185829
26015894;41.17115;-8.599766;-0.1500942;0.7185721
26015897;41.17125;-8.600621;-0.1501092;0.7185739
26015898;41.17112;-8.600612;-0.150109;0.7185716
26015895;41.17125;-8.600244;-0.1501026;0.7185739
26015912;41.17384;-8.609159;-0.1502582;0.7186191
26015914;41.17406;-8.609851;-0.1502703;0.7186229
26015878;41.16951;-8.59133;-0.149947;0.7185436
26015910;41.1734;-8.608247;-0.1502423;0.7186114
26015896;41.17112;-8.600183;-0.1501015;0.7185716
26015916;41.17427;-8.610848;-0.1502877;0.7186267
128583855;41.17128;-8.602245;-0.1501375;0.7185744
26015918;41.17437;-8.611754;-0.1503035;0.7186283
26015920;41.17442;-8.612248;-0.1503121;0.7186291
128579825;41.17285;-8.606943;-0.1502195;0.7186018
128579832;41.17296;-8.607239;-0.1502247;0.7186037
128580161;41.17326;-8.605702;-0.1501978;0.718609
128580399;41.17327;-8.608016;-0.1502382;0.7186091
26015889;41.17178;-8.597096;-0.1500476;0.7185832
26015891;41.17166;-8.597745;-0.150059;0.718581
433469151;41.18647;-8.590707;-0.1499361;0.7188395
433469152;41.18646;-8.59079;-0.1499376;0.7188393
433469153;41.18641;-8.591178;-0.1499443;0.7188384
433469154;41.18624;-8.591464;-0.1499493;0.7188355
112597522;41.17143;-8.597262;-0.1500505;0.718577
112597525;41.17128;-8.597003;-0.150046;0.7185744
112597526;41.17099;-8.596692;-0.1500406;0.7185694
112597528;41.17102;-8.596047;-0.1500293;0.7185698
112597541;41.17119;-8.595987;-0.1500283;0.7185728
112597544;41.17103;-8.596249;-0.1500328;0.7185701
112597546;41.17113;-8.59671;-0.1500409;0.7185718
112597547;41.17148;-8.596775;-0.150042;0.7185779
25532185;41.17102;-8.596411;-0.1500357;0.7185699
25532186;41.1711;-8.596111;-0.1500304;0.7185712
25532189;41.17157;-8.595664;-0.1500226;0.7185794
25532204;41.17147;-8.597594;-0.1500563;0.7185777
25532205;41.17137;-8.597121;-0.1500481;0.7185759
25532206;41.17118;-8.596909;-0.1500444;0.7185727
25532207;41.17108;-8.596809;-0.1500426;0.7185709
25532208;41.17095;-8.59621;-0.1500322;0.7185686
25532209;41.1711;-8.595933;-0.1500273;0.7185712
25532210;41.17155;-8.595545;-0.1500206;0.7185792
25532211;41.17208;-8.595221;-0.1500149;0.7185884
25532222;41.17209;-8.595332;-0.1500168;0.7185886
26015890;41.17164;-8.597113;-0.1500479;0.7185807
112613602;41.18329;-8.601301;-0.150121;0.718784
287458429;41.18129;-8.604646;-0.1501794;0.7187492
287458440;41.17928;-8.605655;-0.150197;0.718714
287458442;41.1796;-8.605463;-0.1501937;0.7187195
411504966;41.17125;-8.597713;-0.1500584;0.7185739
411504981;41.17384;-8.600998;-0.1501157;0.7186191
411504987;41.17371;-8.60358;-0.1501608;0.7186168
411504999;41.17337;-8.598979;-0.1500805;0.7186109
411835382;41.17227;-8.597513;-0.1500549;0.7185917
411835384;41.17262;-8.596466;-0.1500366;0.7185978
411835385;41.17271;-8.596519;-0.1500376;0.7185994
411835386;41.17347;-8.596962;-0.1500453;0.7186126
411835387;41.17376;-8.59713;-0.1500482;0.7186177
411835388;41.17434;-8.597652;-0.1500573;0.7186278
411835389;41.17472;-8.598001;-0.1500634;0.7186344
411835390;41.17484;-8.598178;-0.1500665;0.7186365
411835391;41.17485;-8.598403;-0.1500704;0.7186368
411835393;41.17469;-8.599627;-0.1500918;0.7186339
412249442;41.1737;-8.603764;-0.150164;0.7186167
412249444;41.17498;-8.60384;-0.1501653;0.718639
412249445;41.17526;-8.603856;-0.1501656;0.7186439
412249449;41.1752;-8.600069;-0.1500995;0.7186428
420776939;41.17646;-8.60001;-0.1500985;0.7186648
420776943;41.17793;-8.599245;-0.1500851;0.7186905
420777494;41.1739;-8.600844;-0.150113;0.7186202
420777495;41.17161;-8.599462;-0.1500889;0.7185801
420777496;41.17163;-8.59938;-0.1500875;0.7185804
429833956;41.18373;-8.598977;-0.1500805;0.7187918
429833958;41.18461;-8.600794;-0.1501122;0.7188071
430267079;41.18339;-8.60111;-0.1501177;0.7187858
430267080;41.18415;-8.600995;-0.1501157;0.7187991
430267081;41.18478;-8.601059;-0.1501168;0.71881
430267082;41.18452;-8.601091;-0.1501174;0.7188055
430267083;41.18468;-8.602617;-0.150144;0.7188082
431615494;41.18403;-8.601019;-0.1501161;0.7187969
431925048;41.1829;-8.599344;-0.1500869;0.7187772
432578781;41.17725;-8.599599;-0.1500913;0.7186787
432578813;41.17376;-8.599207;-0.1500845;0.7186177
432578817;41.17477;-8.598977;-0.1500805;0.7186354
432578901;41.17509;-8.59431;-0.149999;0.7186409
432578922;41.17241;-8.595934;-0.1500273;0.7185941
432578930;41.17258;-8.596395;-0.1500354;0.7185972
432578945;41.174;-8.598519;-0.1500725;0.7186218
435759029;41.18415;-8.603386;-0.1501574;0.7187989
435759031;41.18479;-8.603134;-0.150153;0.7188102
444011318;41.17462;-8.605808;-0.1501997;0.7186327
445439258;41.17295;-8.600263;-0.1501029;0.7186035
445439265;41.17199;-8.599699;-0.1500931;0.7185867
445439274;41.17178;-8.598918;-0.1500794;0.7185831
445439284;41.17243;-8.598416;-0.1500707;0.7185944
445439290;41.17432;-8.599546;-0.1500904;0.7186274
445439334;41.17216;-8.599163;-0.1500837;0.7185898
445439337;41.17273;-8.599502;-0.1500896;0.7185996
445439340;41.17311;-8.599744;-0.1500938;0.7186064
445439343;41.17352;-8.599966;-0.1500977;0.7186134
445439344;41.17406;-8.600292;-0.1501034;0.718623
343634623;41.16954;-8.591575;-0.1499513;0.7185439
112613601;41.18373;-8.603294;-0.1501558;0.7187918
112613605;41.18143;-8.594648;-0.1500049;0.7187515
112613606;41.18102;-8.593636;-0.1499872;0.7187445
112651992;41.18112;-8.593495;-0.1499848;0.7187461
112652014;41.18341;-8.612769;-0.1503212;0.7187861
112652017;41.18291;-8.617283;-0.1504;0.7187775
112652018;41.18287;-8.617503;-0.1504038;0.7187767
112652019;41.18274;-8.617751;-0.1504081;0.7187744
287458421;41.18425;-8.604878;-0.1501835;0.7188008
287458435;41.18407;-8.604916;-0.1501841;0.7187977
431947934;41.18509;-8.594526;-0.1500028;0.7188154
431947936;41.1851;-8.594749;-0.1500067;0.7188157
431947938;41.1852;-8.594913;-0.1500095;0.7188173
431947940;41.18534;-8.595005;-0.1500111;0.7188197
431947942;41.18552;-8.594997;-0.150011;0.718823
431947945;41.18604;-8.59478;-0.1500072;0.718832
431947965;41.18528;-8.593587;-0.1499864;0.7188187
431947969;41.1835;-8.590549;-0.1499334;0.7187877
446308238;41.18375;-8.602789;-0.150147;0.718792
446308240;41.18383;-8.603377;-0.1501573;0.7187935
506111738;41.17867;-8.597974;-0.1500629;0.7187034
25532145;41.17233;-8.594706;-0.1500059;0.7185928
25532146;41.17187;-8.594455;-0.1500015;0.7185847
25532197;41.1731;-8.594989;-0.1500109;0.7186061
25532199;41.17263;-8.595343;-0.150017;0.7185979
25532200;41.17234;-8.59566;-0.1500226;0.7185929
25532201;41.17204;-8.596209;-0.1500321;0.7185877
25532212;41.17268;-8.594954;-0.1500102;0.7185988
26015883;41.17178;-8.594834;-0.1500082;0.718583
26015887;41.17189;-8.59615;-0.1500311;0.718585
26015885;41.17185;-8.595151;-0.1500137;0.7185844
26015892;41.17143;-8.598075;-0.1500647;0.718577
26122713;41.17311;-8.59472;-0.1500062;0.7186064
26122714;41.17342;-8.594798;-0.1500075;0.7186117
26122789;41.17591;-8.593761;-0.1499894;0.7186552
26122787;41.17712;-8.593508;-0.149985;0.7186763
26122788;41.17683;-8.593552;-0.1499858;0.7186712
112652825;41.18039;-8.593307;-0.1499815;0.7187334
112652828;41.18011;-8.593616;-0.1499869;0.7187285
112652829;41.18007;-8.594017;-0.1499939;0.7187278
112652830;41.18024;-8.594382;-0.1500003;0.7187307
112652831;41.18057;-8.594522;-0.1500027;0.7187366
112652832;41.18076;-8.594442;-0.1500013;0.7187399
112652833;41.18097;-8.594143;-0.1499961;0.7187434
112653914;41.17953;-8.591872;-0.1499565;0.7187185
112653915;41.17941;-8.592318;-0.1499642;0.7187162
112654452;41.17983;-8.591682;-0.1499531;0.7187236
26057762;41.18099;-8.594048;-0.1499944;0.7187439
26057764;41.18093;-8.594225;-0.1499975;0.7187428
26057767;41.1807;-8.594481;-0.150002;0.7187388
26057769;41.1804;-8.5945;-0.1500023;0.7187336
26057772;41.18013;-8.59421;-0.1499972;0.7187288
26057774;41.18007;-8.593808;-0.1499902;0.7187277
26057776;41.18019;-8.593475;-0.1499844;0.7187299
26057803;41.1818;-8.59372;-0.1499887;0.718758
26057804;41.18167;-8.593835;-0.1499907;0.7187558
26057805;41.18152;-8.594352;-0.1499997;0.7187532
26057813;41.18152;-8.594508;-0.1500025;0.7187532
26057847;41.18047;-8.591652;-0.1499526;0.7187349
26057848;41.18056;-8.591769;-0.1499547;0.7187363
26057801;41.18209;-8.593662;-0.1499877;0.7187632
26057849;41.18085;-8.592094;-0.1499603;0.7187414
26057850;41.18124;-8.592369;-0.1499651;0.7187482
26057852;41.18219;-8.592838;-0.1499733;0.7187649
26057854;41.18017;-8.591809;-0.1499554;0.7187295
26057855;41.17968;-8.591738;-0.1499541;0.7187209
26057856;41.17944;-8.592082;-0.1499601;0.7187167
26057857;41.17948;-8.592642;-0.1499699;0.7187175
26057858;41.17976;-8.592906;-0.1499745;0.7187223
26122720;41.17999;-8.593001;-0.1499762;0.7187263
26122723;41.18218;-8.593025;-0.1499766;0.7187647
26122724;41.18289;-8.593184;-0.1499794;0.718777
26122725;41.18492;-8.59386;-0.1499911;0.7188125
26122782;41.1828;-8.593388;-0.1499829;0.7187755
26122783;41.18219;-8.593245;-0.1499804;0.7187647
26122784;41.18077;-8.593171;-0.1499791;0.71874
26122785;41.1803;-8.593175;-0.1499792;0.7187319
26122786;41.17962;-8.593248;-0.1499805;0.71872
26122790;41.18677;-8.594677;-0.1500054;0.7188447
26122791;41.18762;-8.594905;-0.1500094;0.7188596
26122793;41.18898;-8.594833;-0.1500081;0.7188833
26122794;41.18962;-8.594582;-0.1500037;0.7188944
444017057;41.16976;-8.599556;-0.1500906;0.7185479
444017063;41.16975;-8.599142;-0.1500833;0.7185477
444004640;41.18233;-8.607962;-0.1502373;0.7187673
444004641;41.18227;-8.608102;-0.1502397;0.7187662
444004645;41.18222;-8.609435;-0.150263;0.7187653
444004646;41.18225;-8.608454;-0.1502459;0.7187659
444004647;41.18278;-8.60849;-0.1502465;0.718775
128578706;41.17144;-8.605764;-0.1501989;0.7185772
788743388;41.18609;-8.614505;-0.1503515;0.7188329
788743401;41.18535;-8.614448;-0.1503505;0.7188199
788743413;41.1854;-8.614334;-0.1503485;0.7188209
788743446;41.18378;-8.614474;-0.1503509;0.7187925
788743450;41.18531;-8.614659;-0.1503542;0.7188192
788743468;41.18531;-8.61453;-0.1503519;0.7188193
788743488;41.18567;-8.61441;-0.1503498;0.7188255
788743510;41.18573;-8.614398;-0.1503496;0.7188266
788743511;41.18585;-8.614331;-0.1503484;0.7188287
788743528;41.18551;-8.614338;-0.1503486;0.7188227
788743531;41.18601;-8.614215;-0.1503464;0.7188315
788743544;41.1856;-8.614401;-0.1503497;0.7188243
788743553;41.18546;-8.61415;-0.1503453;0.7188218
788743559;41.18545;-8.614259;-0.1503472;0.7188216
788826684;41.18268;-8.598304;-0.1500687;0.7187733
788826695;41.18277;-8.598403;-0.1500704;0.7187749
788826699;41.18289;-8.598714;-0.1500759;0.7187771
1244598176;41.18551;-8.600882;-0.1501137;0.7188227
788826702;41.18254;-8.597984;-0.1500631;0.718771
788826710;41.18258;-8.598129;-0.1500657;0.7187716
788826682;41.1828;-8.598982;-0.1500805;0.7187755
788826707;41.1828;-8.598971;-0.1500804;0.7187755
1103134724;41.18702;-8.59507;-0.1500123;0.718849
1153073428;41.18784;-8.611392;-0.1502972;0.7188635
1165603968;41.17007;-8.603488;-0.1501592;0.7185533
1165604007;41.17046;-8.606238;-0.1502072;0.7185602
1165604047;41.1707;-8.606196;-0.1502065;0.7185642
1187434185;41.18886;-8.604907;-0.150184;0.7188812
1209790924;41.17179;-8.604336;-0.150174;0.7185832
1209790969;41.17098;-8.604946;-0.1501846;0.7185692
1216466368;41.17181;-8.617509;-0.1504039;0.7185836
1216466396;41.1707;-8.616236;-0.1503817;0.7185643
1216466407;41.17039;-8.613237;-0.1503294;0.7185589
1216466434;41.17002;-8.621469;-0.150473;0.7185524
1221776392;41.18547;-8.59593;-0.1500273;0.718822
1221776430;41.18551;-8.595718;-0.1500236;0.7188227
1221776450;41.18444;-8.595418;-0.1500183;0.7188041
1221776457;41.18554;-8.595834;-0.1500256;0.7188232
1221776472;41.18535;-8.595652;-0.1500224;0.71882
1221776488;41.18742;-8.595575;-0.1500211;0.718856
1221776496;41.18488;-8.595525;-0.1500202;0.7188118
1221776530;41.18401;-8.598802;-0.1500774;0.7187966
1221776533;41.18554;-8.595778;-0.1500246;0.7188232
1221776564;41.18545;-8.59568;-0.1500229;0.7188217
1221776573;41.18528;-8.596088;-0.15003;0.7188187
1221776584;41.18487;-8.598395;-0.1500703;0.7188116
1221776605;41.18477;-8.597363;-0.1500523;0.7188098
1221776620;41.18476;-8.59849;-0.150072;0.7188097
1221804105;41.18275;-8.598118;-0.1500655;0.7187746
1221804110;41.18271;-8.597974;-0.1500629;0.7187739
1221804112;41.18272;-8.598041;-0.1500641;0.7187741
1221804114;41.18285;-8.597741;-0.1500589;0.7187763
1221804117;41.18275;-8.597861;-0.150061;0.7187747
788826675;41.1828;-8.597691;-0.150058;0.7187755
1221804092;41.18279;-8.597808;-0.1500601;0.7187753
1223751572;41.17683;-8.602392;-0.1501401;0.7186712
1223751585;41.17683;-8.592975;-0.1499757;0.7186713
1223751586;41.17305;-8.601209;-0.1501194;0.7186052
1223751590;41.17242;-8.602882;-0.1501486;0.7185943
1223751591;41.17686;-8.593065;-0.1499773;0.7186719
1223751592;41.17294;-8.603547;-0.1501602;0.7186034
1223751602;41.177;-8.593055;-0.1499771;0.7186742
1223751604;41.1725;-8.603041;-0.1501514;0.7185956
1223751610;41.17582;-8.600474;-0.1501066;0.7186536
1223751616;41.17204;-8.601644;-0.150127;0.7185877
1223751620;41.17295;-8.601238;-0.1501199;0.7186035
1223751624;41.17705;-8.591673;-0.149953;0.7186751
1223751626;41.17681;-8.592861;-0.1499737;0.7186708
1223751630;41.17691;-8.59558;-0.1500212;0.7186726
1223751632;41.17287;-8.603488;-0.1501592;0.7186022
1223751633;41.17316;-8.601195;-0.1501192;0.7186073
1223751641;41.17709;-8.599355;-0.1500871;0.7186759
1223751647;41.17221;-8.601686;-0.1501277;0.7185906
1223751652;41.17262;-8.603223;-0.1501546;0.7185978
1223751661;41.17207;-8.601754;-0.1501289;0.7185882
1223751666;41.17235;-8.602732;-0.150146;0.7185931
1223751669;41.17649;-8.603383;-0.1501574;0.7186654
1223751671;41.17678;-8.602591;-0.1501435;0.7186704
1223751677;41.17701;-8.59282;-0.149973;0.7186744
1223751679;41.17324;-8.603684;-0.1501626;0.7186086
1223751683;41.1766;-8.598443;-0.1500711;0.7186673
1223751696;41.17701;-8.592977;-0.1499757;0.7186745
1223751698;41.16986;-8.593765;-0.1499895;0.7185496
1223751699;41.17287;-8.601278;-0.1501206;0.7186022
1223751714;41.16983;-8.593734;-0.1499889;0.718549
1223751720;41.17275;-8.603381;-0.1501573;0.7186001
1223751723;41.17712;-8.599262;-0.1500854;0.7186763
1223751728;41.17309;-8.603625;-0.1501616;0.718606
1223751732;41.17713;-8.591716;-0.1499537;0.7186765
1223751736;41.16991;-8.593816;-0.1499904;0.7185506
1223751780;41.17303;-8.604347;-0.1501742;0.7186049
1223751746;41.17635;-8.602915;-0.1501492;0.7186629
1223751749;41.1768;-8.592719;-0.1499712;0.7186707
1223751753;41.17694;-8.591705;-0.1499535;0.7186731
1223751757;41.17661;-8.602948;-0.1501498;0.7186674
1223751766;41.17339;-8.603722;-0.1501633;0.7186112
1223751769;41.17692;-8.591751;-0.1499543;0.7186728
1223751786;41.17251;-8.601539;-0.1501252;0.7185959
1223751805;41.177;-8.591668;-0.1499529;0.7186742
784475024;41.17694;-8.593119;-0.1499782;0.7186732
1548554598;41.17572;-8.605812;-0.1501998;0.7186518
1548554599;41.17592;-8.605977;-0.1502026;0.7186554
1548554600;41.17607;-8.606215;-0.1502068;0.718658
1548554601;41.1761;-8.607242;-0.1502247;0.7186586
1548554602;41.17612;-8.606577;-0.1502131;0.7186588
1548554613;41.17835;-8.606344;-0.150209;0.7186978
1548554615;41.17843;-8.606291;-0.1502081;0.7186992
1548554605;41.17688;-8.607927;-0.1502367;0.7186722
1548554610;41.17699;-8.607927;-0.1502367;0.7186741
1724272847;41.182;-8.601251;-0.1501201;0.7187615
1724272850;41.18195;-8.601179;-0.1501189;0.7187607
1724272854;41.18197;-8.601834;-0.1501303;0.718761
1724272859;41.18206;-8.601128;-0.150118;0.7187625
1724272861;41.18177;-8.601336;-0.1501216;0.7187576
1724272863;41.18179;-8.60194;-0.1501322;0.7187579
1724272867;41.18195;-8.601919;-0.1501318;0.7187606
1724272870;41.18184;-8.601977;-0.1501328;0.7187586
1724272873;41.18189;-8.601818;-0.15013;0.7187595
1724272884;41.18205;-8.601859;-0.1501308;0.7187624
1724272893;41.18177;-8.601234;-0.1501199;0.7187576
1724272896;41.18245;-8.601666;-0.1501274;0.7187693
1724272901;41.18181;-8.601832;-0.1501303;0.7187582
1724272845;41.18267;-8.601606;-0.1501264;0.7187732
1724272852;41.18252;-8.601027;-0.1501162;0.7187706
1724272856;41.18245;-8.602119;-0.1501353;0.7187694
1724272886;41.18311;-8.60134;-0.1501217;0.7187809
1724272889;41.18241;-8.600965;-0.1501152;0.7187686
1724272903;41.18256;-8.601988;-0.150133;0.7187713
1724272905;41.18191;-8.601339;-0.1501217;0.71876
1724272908;41.18127;-8.602723;-0.1501458;0.7187488
1724272910;41.18178;-8.601882;-0.1501312;0.7187577
1724272919;41.18184;-8.601369;-0.1501222;0.7187586
1724272913;41.18246;-8.600971;-0.1501153;0.7187696
1724272916;41.18266;-8.601708;-0.1501281;0.7187731
1788788868;41.17099;-8.60766;-0.150232;0.7185693
1788788870;41.17101;-8.607735;-0.1502333;0.7185698
1816888560;41.18283;-8.596491;-0.1500371;0.718776
1816888566;41.18255;-8.596346;-0.1500345;0.7187712
1837927571;41.17877;-8.618606;-0.150423;0.7187052
1216466457;41.16853;-8.612391;-0.1503146;0.7185263
1999553112;41.17098;-8.604835;-0.1501827;0.7185692
1999553115;41.17102;-8.604916;-0.1501841;0.7185699
2060757017;41.1807;-8.611294;-0.1502954;0.7187389
2060757021;41.18099;-8.610671;-0.1502846;0.7187439
2060757025;41.18061;-8.611329;-0.150296;0.7187373
2060757027;41.18062;-8.609867;-0.1502705;0.7187374
2060757028;41.18089;-8.610801;-0.1502868;0.718742
2060757032;41.17931;-8.609287;-0.1502604;0.7187145
2060757039;41.18053;-8.610073;-0.1502741;0.7187359
2060757043;41.17966;-8.60998;-0.1502725;0.7187207
2060757047;41.18051;-8.611199;-0.1502938;0.7187355
2060757030;41.18103;-8.609369;-0.1502618;0.7187446
2060757049;41.17994;-8.610039;-0.1502735;0.7187256
2060757051;41.18072;-8.61136;-0.1502966;0.7187391
2060757053;41.1799;-8.610449;-0.1502807;0.7187249
2060757055;41.1806;-8.611149;-0.1502929;0.7187371
2060757059;41.18042;-8.610943;-0.1502893;0.7187339
2060757061;41.18084;-8.609987;-0.1502726;0.7187412
2060757063;41.17956;-8.609773;-0.1502689;0.7187189
2060757065;41.18046;-8.610953;-0.1502895;0.7187346
2060757067;41.18053;-8.611236;-0.1502944;0.7187359
2060757069;41.18076;-8.610076;-0.1502742;0.7187399
2060757071;41.18093;-8.609861;-0.1502704;0.7187429
2060757073;41.18027;-8.610684;-0.1502848;0.7187314
2060757077;41.17974;-8.609598;-0.1502658;0.718722
2060757079;41.18099;-8.609798;-0.1502693;0.7187439
2060757081;41.17977;-8.610179;-0.150276;0.7187225
2060757083;41.18096;-8.61017;-0.1502758;0.7187433
2060757089;41.18109;-8.61105;-0.1502912;0.7187456
2060757091;41.17985;-8.609835;-0.15027;0.718724
2060757093;41.18078;-8.609657;-0.1502669;0.7187402
2060757101;41.18008;-8.610626;-0.1502838;0.7187281
2060757104;41.18108;-8.611482;-0.1502987;0.7187455
2060757107;41.18111;-8.609966;-0.1502723;0.718746
2060766656;41.18056;-8.611457;-0.1502983;0.7187365
2066740958;41.1749;-8.593264;-0.1499807;0.7186375
2066740961;41.17501;-8.593062;-0.1499772;0.7186396
2072674362;41.17451;-8.604077;-0.1501695;0.7186307
2072674363;41.17452;-8.604699;-0.1501803;0.7186309
2072674366;41.17476;-8.604084;-0.1501696;0.7186351
2072674367;41.17491;-8.604093;-0.1501697;0.7186377
2072674368;41.17488;-8.604709;-0.1501805;0.7186373
2072674369;41.17474;-8.6047;-0.1501804;0.7186347
2072674370;41.1744;-8.603806;-0.1501648;0.7186288
2072674371;41.17384;-8.603775;-0.1501642;0.718619
2073945447;41.18557;-8.607059;-0.1502215;0.7188238
2073945448;41.1857;-8.6059;-0.1502013;0.7188261
2084090862;41.17451;-8.60396;-0.1501674;0.7186307
2084090866;41.17355;-8.604559;-0.1501779;0.7186139
2084090868;41.17618;-8.604583;-0.1501783;0.7186599
2084090869;41.17616;-8.605072;-0.1501868;0.7186596
2084090870;41.17598;-8.604571;-0.1501781;0.7186565
2084090871;41.17636;-8.603995;-0.150168;0.718663
2084090873;41.17619;-8.604103;-0.1501699;0.7186601
2084091551;41.17431;-8.606852;-0.1502179;0.7186273
2084091553;41.1745;-8.609663;-0.150267;0.7186305
2084091554;41.1745;-8.607914;-0.1502364;0.7186305
2084091557;41.17456;-8.609838;-0.15027;0.7186316
2084091558;41.17452;-8.606586;-0.1502133;0.7186309
2084091559;41.17443;-8.606653;-0.1502144;0.7186293
2084091560;41.17437;-8.606742;-0.150216;0.7186282
2084091562;41.17431;-8.608858;-0.1502529;0.7186273
2084091563;41.17425;-8.607343;-0.1502265;0.7186263
2084091565;41.17443;-8.607654;-0.1502319;0.7186294
2084091566;41.17427;-8.607429;-0.150228;0.7186267
2084091567;41.17448;-8.60778;-0.1502341;0.7186302
2084091568;41.17458;-8.608309;-0.1502433;0.7186319
2084091569;41.17448;-8.608123;-0.1502401;0.7186303
2084091570;41.17445;-8.609539;-0.1502648;0.7186298
2084091571;41.17446;-8.608032;-0.1502385;0.7186298
2084091572;41.17375;-8.607574;-0.1502305;0.7186174
2084091574;41.17443;-8.609416;-0.1502627;0.7186294
2084091576;41.17382;-8.607574;-0.1502305;0.7186188
2084091578;41.17459;-8.606492;-0.1502116;0.7186322
2084091579;41.17437;-8.607576;-0.1502305;0.7186284
2084091580;41.17426;-8.606959;-0.1502198;0.7186264
2084093826;41.17112;-8.604607;-0.1501787;0.7185715
2084093827;41.17264;-8.608295;-0.1502431;0.7185981
2084093828;41.17098;-8.604395;-0.150175;0.7185692
2084093829;41.17107;-8.604548;-0.1501777;0.7185706
2084093830;41.17168;-8.607115;-0.1502225;0.7185814
2102009669;41.18113;-8.613008;-0.1503253;0.7187464
2102009670;41.1793;-8.612702;-0.15032;0.7187144
2102030063;41.18447;-8.614202;-0.1503462;0.7188045
2102030064;41.18404;-8.615105;-0.1503619;0.7187971
2102030065;41.18475;-8.614493;-0.1503513;0.7188095
2102030066;41.18465;-8.609231;-0.1502594;0.7188077
2102030068;41.18459;-8.61432;-0.1503482;0.7188066
2102030069;41.18421;-8.610201;-0.1502763;0.7188001
2102030072;41.18425;-8.613297;-0.1503304;0.7188008
2102030073;41.18436;-8.614206;-0.1503463;0.7188027
2102030067;41.18513;-8.610375;-0.1502794;0.7188162
2073945449;41.18544;-8.608081;-0.1502393;0.7188216
2156098716;41.18071;-8.604993;-0.1501855;0.718739
2156098695;41.17896;-8.600214;-0.150102;0.7187084
2156098710;41.17969;-8.603135;-0.150153;0.7187212
2156098688;41.18014;-8.60443;-0.1501756;0.718729
2156098689;41.18005;-8.604486;-0.1501766;0.7187274
2156098697;41.18095;-8.604889;-0.1501836;0.7187433
2156098698;41.18007;-8.604427;-0.1501756;0.7187277
2156098702;41.18108;-8.60475;-0.1501812;0.7187455
2156098707;41.17998;-8.6034;-0.1501577;0.7187263
2156098708;41.18001;-8.60435;-0.1501742;0.7187268
2156098709;41.18003;-8.604201;-0.1501716;0.7187272
2156098711;41.17939;-8.601115;-0.1501178;0.7187158
2156098712;41.1801;-8.604401;-0.1501751;0.7187282
2156098713;41.17984;-8.603466;-0.1501588;0.7187237
2156098719;41.1791;-8.601145;-0.1501183;0.7187108
2156098724;41.18021;-8.604674;-0.1501799;0.7187303
2156098725;41.17975;-8.603193;-0.1501541;0.7187223
2156098729;41.17885;-8.600266;-0.1501029;0.7187065
2156098746;41.17929;-8.601053;-0.1501167;0.7187141
2156098749;41.17985;-8.602939;-0.1501496;0.718724
2156098750;41.17924;-8.601069;-0.150117;0.7187134
2156098752;41.17984;-8.602826;-0.1501476;0.7187238
2156098755;41.17965;-8.603098;-0.1501524;0.7187206
2156098756;41.17934;-8.601062;-0.1501168;0.7187151
2156104169;41.18217;-8.603902;-0.1501664;0.7187644
2156104171;41.18212;-8.603727;-0.1501634;0.7187636
2156104172;41.18203;-8.603974;-0.1501677;0.7187619
2156104173;41.18219;-8.604222;-0.150172;0.7187649
2156104174;41.18213;-8.604001;-0.1501682;0.7187636
2156104176;41.18198;-8.6038;-0.1501646;0.7187611
2169139649;41.18448;-8.609957;-0.1502721;0.7188048
2169139651;41.18443;-8.610114;-0.1502748;0.7188039
2169139655;41.18452;-8.610033;-0.1502734;0.7188056
2169139656;41.18457;-8.61008;-0.1502742;0.7188063
2169139657;41.18449;-8.609922;-0.1502715;0.7188049
2102030070;41.18524;-8.610245;-0.1502771;0.718818
2102030071;41.18529;-8.609655;-0.1502668;0.7188188
2102030075;41.18521;-8.610334;-0.1502787;0.7188175
2169148352;41.18329;-8.608984;-0.1502551;0.718784
2169223410;41.17521;-8.617879;-0.1504104;0.7186429
2169223431;41.1753;-8.617142;-0.1503975;0.7186446
2169223438;41.17495;-8.619645;-0.1504412;0.7186385
2169223443;41.17501;-8.619228;-0.1504339;0.7186395
2169223450;41.17511;-8.618636;-0.1504236;0.7186412
2102009667;41.18042;-8.61272;-0.1503203;0.7187339
2102009668;41.18017;-8.612606;-0.1503183;0.7187296
1209790944;41.16982;-8.605869;-0.1502008;0.7185489
2084091552;41.17392;-8.608056;-0.1502389;0.7186205
2084091555;41.17382;-8.607748;-0.1502335;0.7186188
2084091561;41.17374;-8.607755;-0.1502337;0.7186174
2084091564;41.17428;-8.608754;-0.1502511;0.7186267
2084091573;41.17382;-8.607865;-0.1502356;0.7186188
519337747;41.17847;-8.606388;-0.1502098;0.7186998
2156104170;41.18018;-8.604946;-0.1501846;0.7187297
1548554611;41.17701;-8.607955;-0.1502372;0.7186744
1548554612;41.17702;-8.607986;-0.1502377;0.7186745
1548554609;41.17697;-8.608099;-0.1502397;0.7186737
1548554607;41.17695;-8.608111;-0.1502399;0.7186734
1548554606;41.17692;-8.608108;-0.1502398;0.7186729
1548554603;41.17686;-8.607976;-0.1502375;0.7186718
1221804107;41.18287;-8.598351;-0.1500695;0.7187767
788826712;41.18291;-8.598495;-0.150072;0.7187775
1402773741;41.18294;-8.598577;-0.1500735;0.7187779
788826688;41.18285;-8.598791;-0.1500772;0.7187763
2060757023;41.18136;-8.611009;-0.1502905;0.7187503
2060757035;41.18109;-8.611006;-0.1502904;0.7187456
2060757041;41.18114;-8.609645;-0.1502666;0.7187464
2060757045;41.18135;-8.609966;-0.1502723;0.7187502
2060757057;41.18137;-8.611564;-0.1503001;0.7187504
2060757085;41.18135;-8.610169;-0.1502758;0.7187502
2060757087;41.18135;-8.610679;-0.1502847;0.7187502
2060757099;41.18134;-8.609655;-0.1502668;0.7187499
2060766657;41.18069;-8.612093;-0.1503094;0.7187386
2102009665;41.18138;-8.613071;-0.1503265;0.7187507
1223751575;41.1724;-8.599944;-0.1500973;0.718594
1223751578;41.17352;-8.604378;-0.1501747;0.7186134
1223751600;41.1729;-8.604101;-0.1501699;0.7186026
1223751605;41.17299;-8.604321;-0.1501737;0.7186041
1223751606;41.17196;-8.599677;-0.1500927;0.7185861
1223751607;41.17153;-8.600039;-0.150099;0.7185788
1223751631;41.17215;-8.599791;-0.1500947;0.7185897
1223751681;41.17191;-8.600015;-0.1500986;0.7185854
1223751687;41.17215;-8.600003;-0.1500984;0.7185895
1223751697;41.17258;-8.599413;-0.1500881;0.7185972
1223751700;41.17357;-8.603755;-0.1501639;0.7186143
1223751712;41.17232;-8.600133;-0.1501006;0.7185925
1223751730;41.17233;-8.599265;-0.1500855;0.7185926
1223751781;41.17352;-8.604529;-0.1501774;0.7186134
1223751807;41.17279;-8.603918;-0.1501667;0.7186007
2072674364;41.17456;-8.604079;-0.1501695;0.7186317
2073943320;41.17329;-8.599237;-0.150085;0.7186095
2073943321;41.17422;-8.599795;-0.1500947;0.7186258
2073943322;41.17368;-8.59947;-0.1500891;0.7186162
2084090865;41.17486;-8.605191;-0.1501889;0.7186369
2084090872;41.17368;-8.604565;-0.150178;0.7186162
2156104175;41.18035;-8.605098;-0.1501873;0.7187327
738940435;41.18438;-8.600332;-0.1501041;0.718803
738940473;41.18377;-8.59911;-0.1500828;0.7187923
1402787134;41.18354;-8.593073;-0.1499774;0.7187884
1402787136;41.18233;-8.592077;-0.14996;0.7187673
1402787140;41.18424;-8.59261;-0.1499693;0.7188005
1402787143;41.18365;-8.593048;-0.149977;0.7187903
1402787144;41.18416;-8.591397;-0.1499482;0.7187992
1402787145;41.18344;-8.593047;-0.149977;0.7187866
2583930769;41.18551;-8.610229;-0.1502768;0.7188228
2583930788;41.18494;-8.613203;-0.1503288;0.7188129
2583946064;41.18428;-8.615255;-0.1503646;0.7188012
2185756687;41.17855;-8.59626;-0.150033;0.7187014
2185762047;41.17896;-8.594121;-0.1499957;0.7187083
2185762049;41.17845;-8.594179;-0.1499967;0.7186995
2185762050;41.17841;-8.594207;-0.1499972;0.7186988
2185762061;41.17842;-8.594186;-0.1499968;0.718699
2185762064;41.17908;-8.594098;-0.1499953;0.7187105
2185762067;41.1792;-8.596175;-0.1500316;0.7187127
2185765234;41.17915;-8.594031;-0.1499941;0.7187117
2185765235;41.1791;-8.594054;-0.1499945;0.7187108
2185765236;41.17924;-8.594025;-0.149994;0.7187133
2185765237;41.17912;-8.594038;-0.1499943;0.7187112
2185765238;41.17937;-8.59604;-0.1500292;0.7187155
2185766306;41.17937;-8.596114;-0.1500305;0.7187156
2185766307;41.17933;-8.596177;-0.1500316;0.7187149
2185766308;41.17926;-8.596188;-0.1500318;0.7187136
2185766309;41.17929;-8.596185;-0.1500317;0.7187143
2185766310;41.17936;-8.596153;-0.1500312;0.7187153
2185792256;41.1773;-8.597104;-0.1500478;0.7186795
2185792255;41.17707;-8.59724;-0.1500501;0.7186754
2185793387;41.17701;-8.597135;-0.1500483;0.7186745
2185848561;41.17684;-8.597334;-0.1500518;0.7186714
2185848563;41.17659;-8.597346;-0.150052;0.7186671
2185848567;41.17653;-8.597405;-0.150053;0.7186661
2185848568;41.17649;-8.597495;-0.1500546;0.7186654
2185848577;41.17669;-8.597302;-0.1500512;0.7186688
2185848579;41.17641;-8.597607;-0.1500565;0.7186639
2185848583;41.17714;-8.597374;-0.1500525;0.7186767
2185848584;41.17698;-8.597399;-0.1500529;0.7186738
2185848588;41.17679;-8.597303;-0.1500513;0.7186705
2185848581;41.1769;-8.597413;-0.1500532;0.7186725
2185848565;41.17694;-8.59743;-0.1500535;0.7186733
2185848586;41.17702;-8.597378;-0.1500525;0.7186746
2198252493;41.18261;-8.599385;-0.1500876;0.7187721
2207530849;41.17236;-8.61274;-0.1503207;0.7185933
2225262331;41.18302;-8.599781;-0.1500945;0.7187793
2354389944;41.17287;-8.604886;-0.1501836;0.7186022
2354389945;41.173;-8.605345;-0.1501916;0.7186044
2354389946;41.17297;-8.605219;-0.1501894;0.7186039
2354389948;41.17306;-8.605488;-0.1501941;0.7186055
2354389949;41.17308;-8.605534;-0.1501949;0.7186058
2354389950;41.17311;-8.60558;-0.1501957;0.7186063
2354389953;41.17292;-8.605054;-0.1501865;0.7186031
2354389954;41.17268;-8.604517;-0.1501772;0.7185988
2354389955;41.17302;-8.605414;-0.1501928;0.7186048
2354389956;41.17275;-8.604645;-0.1501794;0.7186
2354389958;41.17281;-8.604753;-0.1501813;0.7186011
2354389947;41.17194;-8.604141;-0.1501706;0.718586
2354389951;41.17244;-8.604266;-0.1501728;0.7185946
2354389957;41.17208;-8.604138;-0.1501705;0.7185884
2354389959;41.17231;-8.604195;-0.1501715;0.7185923
2358824020;41.18802;-8.611602;-0.1503008;0.7188665
2449318866;41.17575;-8.610381;-0.1502795;0.7186524
2460915650;41.17521;-8.599907;-0.1500967;0.718643
2460915651;41.17555;-8.599765;-0.1500942;0.7186489
2460915652;41.17546;-8.599456;-0.1500888;0.7186474
2460915653;41.17639;-8.598983;-0.1500806;0.7186635
2460915654;41.17649;-8.599316;-0.1500864;0.7186653
2460915655;41.17557;-8.599818;-0.1500951;0.7186493
2460915656;41.17544;-8.599924;-0.150097;0.7186469
2460915657;41.1754;-8.600018;-0.1500986;0.7186463
2460915664;41.17456;-8.5974;-0.1500529;0.7186316
2460915665;41.17475;-8.597302;-0.1500512;0.7186349
2460915666;41.17486;-8.597244;-0.1500502;0.7186369
2460915667;41.17518;-8.597316;-0.1500515;0.7186424
2460915668;41.17543;-8.597382;-0.1500526;0.7186469
2460915669;41.17547;-8.597477;-0.1500543;0.7186475
2460915670;41.17552;-8.597672;-0.1500577;0.7186484
2460915671;41.1745;-8.59752;-0.150055;0.7186307
2460915672;41.17427;-8.5973;-0.1500512;0.7186267
2605258257;41.18285;-8.612404;-0.1503148;0.7187764
2605287581;41.17382;-8.612602;-0.1503183;0.7186188
2605287643;41.17371;-8.612189;-0.1503111;0.7186168
2605287663;41.17384;-8.612243;-0.150312;0.718619
2605287678;41.17355;-8.612192;-0.1503111;0.718614
2605287683;41.17366;-8.610381;-0.1502795;0.7186159
2605287704;41.17384;-8.612506;-0.1503166;0.7186191
2485736709;41.1781;-8.609256;-0.1502599;0.7186935
2485736710;41.1774;-8.609237;-0.1502595;0.7186813
2485736711;41.17729;-8.60935;-0.1502615;0.7186792
2485736712;41.17661;-8.612398;-0.1503147;0.7186674
2485736713;41.17698;-8.612449;-0.1503156;0.7186739
2485736714;41.17678;-8.6121;-0.1503095;0.7186705
2485736715;41.17759;-8.614;-0.1503427;0.7186844
2485736716;41.17765;-8.614183;-0.1503459;0.7186856
2485736717;41.17757;-8.613962;-0.150342;0.7186842
2485736718;41.17748;-8.614105;-0.1503445;0.7186826
2485736719;41.1778;-8.614087;-0.1503442;0.7186882
2485736720;41.17776;-8.61409;-0.1503442;0.7186876
2485736721;41.17813;-8.615957;-0.1503768;0.718694
2485736724;41.17861;-8.618614;-0.1504232;0.7187024
2486710548;41.17274;-8.612246;-0.150312;0.7185998
2486710549;41.17276;-8.61266;-0.1503193;0.7186002
2486710610;41.1713;-8.612813;-0.1503219;0.7185747
2489687347;41.18439;-8.606899;-0.1502187;0.7188033
2489687348;41.18421;-8.606768;-0.1502164;0.7188001
2489687349;41.18405;-8.606776;-0.1502166;0.7187973
2489687350;41.1839;-8.606944;-0.1502195;0.7187946
2489687353;41.18429;-8.607136;-0.1502229;0.7188014
2489687354;41.18431;-8.607064;-0.1502216;0.7188018
2489687355;41.18433;-8.607012;-0.1502207;0.7188022
2489687356;41.18434;-8.606957;-0.1502197;0.7188023
2489687357;41.18437;-8.606929;-0.1502192;0.7188029
2489687358;41.18381;-8.608871;-0.1502531;0.7187931
2490198479;41.1698;-8.605771;-0.150199;0.7185486
2490198481;41.17109;-8.604386;-0.1501749;0.7185711
2490198482;41.1716;-8.605512;-0.1501945;0.7185799
2490198483;41.17181;-8.605478;-0.1501939;0.7185836
2490198485;41.17258;-8.611086;-0.1502918;0.7185971
2490198487;41.17266;-8.610975;-0.1502899;0.7185984
2490198489;41.17281;-8.606544;-0.1502125;0.7186012
2490198491;41.17301;-8.605596;-0.150196;0.7186046
2490198492;41.17315;-8.605742;-0.1501985;0.7186071
2490198497;41.17377;-8.608635;-0.150249;0.7186179
2490198498;41.17408;-8.615685;-0.1503721;0.7186232
2490198500;41.17411;-8.610338;-0.1502787;0.7186238
2490198501;41.17418;-8.610342;-0.1502788;0.7186249
2490198503;41.17419;-8.61576;-0.1503734;0.7186251
2490198504;41.17424;-8.613735;-0.150338;0.718626
2490198505;41.1743;-8.610321;-0.1502784;0.718627
2490198507;41.17434;-8.61354;-0.1503346;0.7186278
2490198508;41.17435;-8.61326;-0.1503298;0.7186279
2490198510;41.17435;-8.610215;-0.1502766;0.7186279
2490198511;41.17445;-8.613188;-0.1503285;0.7186297
2490198512;41.17447;-8.613604;-0.1503357;0.7186301
2490198514;41.17451;-8.613247;-0.1503295;0.7186309
2490198515;41.17456;-8.613177;-0.1503283;0.7186316
2490198516;41.17464;-8.613636;-0.1503363;0.718633
2490198518;41.17472;-8.613888;-0.1503407;0.7186344
2490198519;41.17475;-8.613387;-0.150332;0.7186349
2490198521;41.17485;-8.613357;-0.1503314;0.7186367
2354389960;41.1722;-8.604158;-0.1501709;0.7185904
2617650078;41.17844;-8.606293;-0.1502081;0.7186995
2617650079;41.17835;-8.60636;-0.1502093;0.7186978
2617650080;41.18;-8.604331;-0.1501739;0.7187266
2617650081;41.17677;-8.612073;-0.150309;0.7186702
2622548687;41.18449;-8.609527;-0.1502646;0.718805
2622548688;41.18452;-8.609167;-0.1502583;0.7188055
2622548689;41.18431;-8.609533;-0.1502647;0.7188019
2622548690;41.18361;-8.609493;-0.150264;0.7187895
2622548691;41.18434;-8.609534;-0.1502647;0.7188023
2622548692;41.18437;-8.60972;-0.150268;0.7188028
2622548693;41.18452;-8.609779;-0.150269;0.7188056
2689537165;41.16993;-8.621545;-0.1504743;0.7185509
2846609713;41.18143;-8.595599;-0.1500215;0.7187516
2846609714;41.18156;-8.595671;-0.1500228;0.7187539
2846609715;41.18169;-8.595694;-0.1500231;0.718756
2846609716;41.18234;-8.596987;-0.1500457;0.7187675
2846609717;41.18162;-8.595211;-0.1500147;0.7187549
2846609719;41.1769;-8.607911;-0.1502364;0.7186725
2846609720;41.17692;-8.6079;-0.1502362;0.7186728
2846609721;41.17696;-8.6079;-0.1502362;0.7186735
2846609722;41.17698;-8.607911;-0.1502364;0.7186739
2846609723;41.17702;-8.60802;-0.1502383;0.7186745
2846609724;41.17701;-8.608051;-0.1502388;0.7186744
2846609725;41.1769;-8.608093;-0.1502396;0.7186724
2846609726;41.17688;-8.608069;-0.1502392;0.718672
2846609727;41.17686;-8.608039;-0.1502386;0.7186718
2846609728;41.17687;-8.60795;-0.1502371;0.7186719
2846609729;41.17707;-8.608394;-0.1502448;0.7186756
2198252488;41.18277;-8.599417;-0.1500881;0.7187749
2486710547;41.17264;-8.61108;-0.1502917;0.7185981
2486710615;41.17276;-8.612871;-0.150323;0.7186003
2490198494;41.17364;-8.608673;-0.1502497;0.7186155
2490198488;41.17272;-8.605367;-0.150192;0.7185995
2605258290;41.18208;-8.612462;-0.1503158;0.7187628
2460915663;41.17441;-8.597711;-0.1500584;0.718629
2846609712;41.18268;-8.617498;-0.1504037;0.7187734
3151242977;41.18914;-8.605051;-0.1501865;0.7188862
3092764690;41.17286;-8.606748;-0.1502161;0.7186019
3092764691;41.17115;-8.601002;-0.1501158;0.7185721
3092764694;41.17125;-8.600285;-0.1501033;0.7185739
3092764696;41.17309;-8.607923;-0.1502366;0.718606
3092764698;41.17308;-8.60745;-0.1502284;0.7186058
3092764695;41.1719;-8.59582;-0.1500254;0.7185853
3092764697;41.17141;-8.593952;-0.1499928;0.7185767
3092764692;41.17183;-8.596783;-0.1500422;0.7185839
3092764700;41.17133;-8.603842;-0.1501654;0.7185753
3092764701;41.17131;-8.60317;-0.1501537;0.7185749
3092764702;41.17282;-8.606737;-0.1502159;0.7186013
3092764704;41.17131;-8.600657;-0.1501098;0.718575
3092764706;41.17043;-8.592715;-0.1499712;0.7185595
3092764707;41.17139;-8.599012;-0.1500811;0.7185763
3092764708;41.17134;-8.60167;-0.1501275;0.7185754
3092764709;41.17134;-8.601059;-0.1501168;0.7185755
3092764712;41.17014;-8.605416;-0.1501928;0.7185546
3092764713;41.17154;-8.594537;-0.150003;0.718579
3092764714;41.17395;-8.609462;-0.1502635;0.718621
3092764717;41.17128;-8.601102;-0.1501175;0.7185745
3092764718;41.17173;-8.595079;-0.1500124;0.7185822
3092764719;41.17128;-8.599729;-0.1500936;0.7185744
3092764720;41.17445;-8.612724;-0.1503204;0.7186297
3092764705;41.17166;-8.59426;-0.1499981;0.718581
3092764710;41.17258;-8.594759;-0.1500068;0.7185971
3092764711;41.17153;-8.594244;-0.1499979;0.7185788
3092784184;41.17397;-8.618206;-0.1504161;0.7186213
3092784194;41.17385;-8.619156;-0.1504326;0.7186192
3139458009;41.1818;-8.595804;-0.1500251;0.7187581
3139458016;41.18476;-8.607029;-0.150221;0.7188097
3139458018;41.18463;-8.606647;-0.1502143;0.7188074
3139458232;41.18469;-8.606739;-0.1502159;0.7188085
3139458235;41.18416;-8.605001;-0.1501856;0.7187992
3139458237;41.18472;-8.607192;-0.1502238;0.7188089
3139458242;41.18479;-8.606838;-0.1502177;0.7188102
3139458266;41.18423;-8.61013;-0.1502751;0.7188005
3139458272;41.18446;-8.609596;-0.1502658;0.7188044
3139458276;41.18433;-8.609978;-0.1502725;0.7188022
3139458277;41.18404;-8.604143;-0.1501706;0.718797
3139458019;41.18033;-8.591425;-0.1499487;0.7187324
3139458026;41.18062;-8.59185;-0.1499561;0.7187374
3139458027;41.18024;-8.591259;-0.1499458;0.7187307
3139458255;41.18155;-8.594073;-0.1499949;0.7187537
3139458275;41.182;-8.593663;-0.1499877;0.7187614
3139458286;41.1849;-8.606913;-0.150219;0.7188122
3139458292;41.18482;-8.606951;-0.1502196;0.7188107
3139458294;41.1842;-8.605232;-0.1501896;0.7187999
3170300768;41.17908;-8.610193;-0.1502762;0.7187106
3170300769;41.17915;-8.61108;-0.1502917;0.7187117
3170300770;41.17922;-8.609759;-0.1502686;0.7187129
3170300771;41.17925;-8.612386;-0.1503145;0.7187135
3170300772;41.17933;-8.612889;-0.1503233;0.7187149
3170300773;41.17934;-8.611053;-0.1502912;0.718715
3170300774;41.17936;-8.609386;-0.1502621;0.7187153
3170300775;41.17944;-8.610171;-0.1502758;0.7187168
3170300776;41.17945;-8.61305;-0.1503261;0.7187169
3170300777;41.17957;-8.613218;-0.150329;0.718719
3170300778;41.17961;-8.613347;-0.1503313;0.7187197
3170300779;41.17962;-8.610014;-0.1502731;0.71872
3170300780;41.17962;-8.610546;-0.1502824;0.71872
3170300781;41.17964;-8.61369;-0.1503373;0.7187203
3170300782;41.17965;-8.611004;-0.1502904;0.7187204
3170300783;41.17965;-8.613893;-0.1503408;0.7187206
3170300784;41.17966;-8.610626;-0.1502838;0.7187207
3170300785;41.1797;-8.610971;-0.1502898;0.7187213
3170300786;41.17974;-8.610725;-0.1502855;0.7187221
3170300787;41.17976;-8.610826;-0.1502873;0.7187225
3170300789;41.18101;-8.610961;-0.1502896;0.7187442
3170300791;41.18103;-8.609749;-0.1502685;0.7187446
3170300792;41.18105;-8.610992;-0.1502902;0.718745
3170300793;41.18114;-8.609376;-0.150262;0.7187465
3170300794;41.18213;-8.612457;-0.1503157;0.7187636
3230463783;41.18621;-8.591645;-0.1499525;0.718835
3230463785;41.18647;-8.591028;-0.1499417;0.7188395
3230463786;41.18647;-8.590944;-0.1499403;0.7188396
3250683197;41.17497;-8.619497;-0.1504386;0.7186388
3250683243;41.17856;-8.618272;-0.1504172;0.7187014
3501878305;41.17076;-8.593709;-0.1499885;0.7185653
3501878306;41.17084;-8.593816;-0.1499904;0.7185667
3501878316;41.17141;-8.593478;-0.1499845;0.7185767
3522105970;41.17093;-8.596383;-0.1500352;0.7185682
3522105971;41.17093;-8.596464;-0.1500366;0.7185683
3522105972;41.17093;-8.596294;-0.1500336;0.7185683
3522105973;41.17097;-8.596621;-0.1500393;0.7185689
3522105974;41.17097;-8.596127;-0.1500307;0.718569
3522105976;41.17103;-8.596493;-0.1500371;0.71857
3522105977;41.17104;-8.596755;-0.1500417;0.7185701
3522105978;41.17105;-8.596573;-0.1500385;0.7185704
3522105979;41.17105;-8.595988;-0.1500283;0.7185705
3522105980;41.17106;-8.596174;-0.1500315;0.7185705
3522105981;41.17109;-8.596646;-0.1500398;0.718571
3522105983;41.17115;-8.595881;-0.1500264;0.7185721
3522105984;41.1712;-8.595834;-0.1500256;0.718573
3522105986;41.17123;-8.596954;-0.1500452;0.7185735
3522105987;41.17124;-8.595937;-0.1500274;0.7185736
3522105988;41.17126;-8.598887;-0.1500789;0.7185741
3522105989;41.17126;-8.596803;-0.1500425;0.7185741
3522105991;41.17133;-8.59706;-0.150047;0.7185752
3522105992;41.17139;-8.596816;-0.1500427;0.7185763
3522106293;41.17139;-8.595801;-0.150025;0.7185764
3522106294;41.1714;-8.597189;-0.1500493;0.7185766
3522106296;41.17142;-8.595653;-0.1500224;0.7185768
3522106297;41.17144;-8.597959;-0.1500627;0.7185772
3522106298;41.17145;-8.596795;-0.1500424;0.7185773
3522106299;41.17145;-8.597836;-0.1500605;0.7185774
3522106300;41.17145;-8.597344;-0.150052;0.7185774
3522106301;41.17147;-8.597462;-0.150054;0.7185777
3522106302;41.1715;-8.597766;-0.1500593;0.7185783
3522106304;41.17154;-8.597599;-0.1500564;0.718579
3522106305;41.17158;-8.596681;-0.1500404;0.7185796
3522106307;41.17165;-8.596563;-0.1500383;0.7185808
3522106308;41.17168;-8.596948;-0.150045;0.7185813
3522106310;41.1717;-8.596422;-0.1500359;0.7185817
3522106311;41.1717;-8.596786;-0.1500422;0.7185818
3522106312;41.17173;-8.59555;-0.1500206;0.7185822
3522106313;41.17173;-8.596622;-0.1500393;0.7185822
3522106315;41.17175;-8.596451;-0.1500364;0.7185825
3522106316;41.17175;-8.595415;-0.1500183;0.7185825
3522106318;41.17176;-8.596291;-0.1500336;0.7185828
3522106319;41.17178;-8.595962;-0.1500278;0.7185831
3522106320;41.17178;-8.595786;-0.1500248;0.7185832
3522106321;41.17184;-8.595474;-0.1500193;0.7185842
3522106322;41.17186;-8.595345;-0.1500171;0.7185844
3522106323;41.17196;-8.595407;-0.1500181;0.7185861
3522106324;41.17197;-8.595279;-0.1500159;0.7185865
3092764688;41.17119;-8.596762;-0.1500418;0.7185728
3092764689;41.17094;-8.596543;-0.150038;0.7185685
3092764693;41.17177;-8.596128;-0.1500307;0.7185829
3092764716;41.17178;-8.595633;-0.1500221;0.7185832
3554953534;41.17228;-8.600139;-0.1501007;0.7185919
3554953622;41.17366;-8.604894;-0.1501837;0.718616
3554953651;41.17455;-8.605824;-0.1501999;0.7186314
3554953652;41.17461;-8.605445;-0.1501933;0.7186325
3554953655;41.17464;-8.605207;-0.1501892;0.7186331
3554953658;41.17467;-8.603411;-0.1501578;0.7186336
3554953659;41.17469;-8.605173;-0.1501886;0.7186338
3554953660;41.17472;-8.602324;-0.1501389;0.7186344
3554953662;41.17527;-8.603683;-0.1501626;0.718644
3554953664;41.17528;-8.603458;-0.1501587;0.7186441
3554953665;41.17529;-8.605266;-0.1501902;0.7186444
3554953666;41.17532;-8.605257;-0.1501901;0.718645
3554953676;41.17831;-8.599045;-0.1500816;0.7186972
3554953677;41.17843;-8.599105;-0.1500827;0.7186992
3554953679;41.17852;-8.599176;-0.1500839;0.7187008
3554953680;41.17855;-8.599047;-0.1500817;0.7187013
3554953681;41.1786;-8.5989;-0.1500791;0.7187022
3554953684;41.17908;-8.605814;-0.1501998;0.7187105
3554953687;41.1802;-8.605022;-0.150186;0.71873
3554953688;41.18021;-8.605056;-0.1501866;0.7187302
3554953689;41.18216;-8.604097;-0.1501698;0.7187642
3554953690;41.18216;-8.604131;-0.1501704;0.7187644
3554953693;41.18287;-8.60032;-0.1501039;0.7187766
3554953698;41.18317;-8.601405;-0.1501228;0.7187818
3554953706;41.18355;-8.601207;-0.1501194;0.7187886
3554953708;41.18423;-8.601014;-0.150116;0.7188004
3554953709;41.18433;-8.601157;-0.1501185;0.7188021
3554953710;41.18439;-8.601308;-0.1501211;0.7188032
3554953711;41.18444;-8.601173;-0.1501188;0.7188042
3573222096;41.17862;-8.598066;-0.1500646;0.7187026
3573222097;41.17864;-8.597533;-0.1500553;0.7187029
3573222098;41.1789;-8.600242;-0.1501025;0.7187074
3573222099;41.17915;-8.601116;-0.1501178;0.7187118
3573222104;41.17955;-8.5987;-0.1500756;0.7187186
3573222107;41.1797;-8.59838;-0.15007;0.7187214
3573222108;41.17974;-8.599425;-0.1500883;0.718722
3573222109;41.17978;-8.599579;-0.150091;0.7187227
3573222110;41.17979;-8.598733;-0.1500762;0.7187229
3573222114;41.17987;-8.59884;-0.1500781;0.7187243
3573222116;41.17998;-8.598873;-0.1500787;0.7187262
3573222118;41.18002;-8.604297;-0.1501733;0.7187269
3573222124;41.18029;-8.598701;-0.1500757;0.7187317
3573222125;41.18031;-8.59853;-0.1500726;0.718732
3573222126;41.18036;-8.598492;-0.150072;0.7187328
3573222127;41.18045;-8.599088;-0.1500824;0.7187344
3573222128;41.18049;-8.599237;-0.150085;0.7187351
3573222130;41.18082;-8.599078;-0.1500822;0.7187409
3573222132;41.181;-8.599678;-0.1500927;0.718744
3573222133;41.18106;-8.599693;-0.150093;0.7187451
3573222134;41.1811;-8.598695;-0.1500755;0.7187458
3573222135;41.18114;-8.600088;-0.1500999;0.7187465
3573222136;41.18119;-8.600236;-0.1501024;0.7187474
3573222137;41.18122;-8.598666;-0.150075;0.7187479
3573222138;41.18127;-8.599592;-0.1500912;0.7187488
3573222139;41.18135;-8.60017;-0.1501013;0.7187501
3573222140;41.18137;-8.599937;-0.1500972;0.7187504
3573222141;41.18138;-8.599984;-0.150098;0.7187507
3573222143;41.18139;-8.600456;-0.1501063;0.7187508
3573222144;41.18139;-8.600408;-0.1501054;0.7187508
3573222145;41.1814;-8.598719;-0.150076;0.718751
3573222146;41.18141;-8.600491;-0.1501069;0.7187513
3573222147;41.18141;-8.598787;-0.1500771;0.7187513
3573222148;41.18141;-8.600375;-0.1501049;0.7187513
3573222149;41.18145;-8.599925;-0.150097;0.7187518
3573222150;41.18145;-8.600492;-0.1501069;0.7187518
3573222151;41.18145;-8.600376;-0.1501049;0.7187519
3573222152;41.18147;-8.600459;-0.1501063;0.7187523
3573222153;41.18147;-8.60041;-0.1501055;0.7187523
3573222154;41.18148;-8.598507;-0.1500723;0.7187524
3573222156;41.18153;-8.600224;-0.1501022;0.7187533
3573222157;41.18155;-8.599469;-0.1500891;0.7187536
3573222159;41.18156;-8.600981;-0.1501154;0.7187538
3573222160;41.18157;-8.600446;-0.1501061;0.7187539
3573222161;41.18157;-8.600393;-0.1501052;0.7187539
3573222162;41.18158;-8.599804;-0.1500949;0.7187542
3573222163;41.18161;-8.599735;-0.1500937;0.7187546
3573222164;41.18162;-8.600806;-0.1501124;0.7187549
3573222165;41.18162;-8.600954;-0.150115;0.7187549
3573222168;41.18165;-8.598355;-0.1500696;0.7187554
3573222169;41.18166;-8.60071;-0.1501107;0.7187555
3573222170;41.18167;-8.599791;-0.1500947;0.7187558
3573222171;41.18167;-8.601053;-0.1501167;0.7187558
3573222174;41.18172;-8.600639;-0.1501095;0.7187567
3573222175;41.18173;-8.600328;-0.150104;0.7187568
3573222177;41.18175;-8.601102;-0.1501175;0.7187571
3573222178;41.18175;-8.600492;-0.1501069;0.7187572
3573222179;41.18176;-8.60054;-0.1501077;0.7187572
3573222181;41.18178;-8.600337;-0.1501042;0.7187576
3573222182;41.18181;-8.600277;-0.1501032;0.7187582
3573222185;41.18184;-8.601109;-0.1501177;0.7187588
3573222191;41.18194;-8.591771;-0.1499547;0.7187605
3573222193;41.18196;-8.600392;-0.1501052;0.7187607
3573222194;41.18196;-8.600444;-0.1501061;0.7187609
3573222195;41.182;-8.600399;-0.1501053;0.7187615
3573222196;41.18204;-8.600381;-0.150105;0.7187622
3573222197;41.18206;-8.600483;-0.1501067;0.7187625
3573222198;41.18213;-8.5992;-0.1500844;0.7187638
3573222199;41.18217;-8.618376;-0.150419;0.7187645
3573222200;41.18219;-8.600927;-0.1501145;0.7187648
3573222201;41.18222;-8.599161;-0.1500837;0.7187653
3573222202;41.18222;-8.600287;-0.1501033;0.7187654
3573222203;41.18227;-8.600395;-0.1501052;0.7187662
3573222204;41.18227;-8.600302;-0.1501036;0.7187662
3573222205;41.18229;-8.600348;-0.1501044;0.7187666
3573222206;41.18233;-8.599927;-0.150097;0.7187673
3573222207;41.18238;-8.59996;-0.1500976;0.7187681
3573222208;41.18242;-8.599878;-0.1500962;0.7187687
3573222209;41.18245;-8.600637;-0.1501094;0.7187693
3573222210;41.18245;-8.600419;-0.1501056;0.7187693
3573222211;41.18248;-8.600395;-0.1501052;0.7187698
3573222212;41.18251;-8.599027;-0.1500813;0.7187704
3573222213;41.18253;-8.600597;-0.1501087;0.7187707
3573222214;41.18254;-8.600446;-0.1501061;0.7187709
3573222215;41.18254;-8.601624;-0.1501267;0.7187709
3573222216;41.18254;-8.600932;-0.1501146;0.718771
3573222217;41.18257;-8.600725;-0.150111;0.7187714
3573222218;41.18259;-8.601488;-0.1501243;0.7187718
3573222219;41.1826;-8.601449;-0.1501236;0.7187719
3573222220;41.1826;-8.601325;-0.1501214;0.7187719
3573222221;41.18262;-8.601587;-0.150126;0.7187723
3573222222;41.18262;-8.600891;-0.1501139;0.7187724
3573222223;41.18262;-8.601423;-0.1501231;0.7187724
3573222224;41.18263;-8.601814;-0.15013;0.7187725
3573222225;41.18264;-8.601608;-0.1501264;0.7187727
3573222226;41.18265;-8.60142;-0.1501231;0.7187729
3573222227;41.18266;-8.600314;-0.1501038;0.718773
3573222228;41.18267;-8.601835;-0.1501303;0.7187732
3573222229;41.18267;-8.60038;-0.1501049;0.7187732
3573222230;41.18268;-8.601441;-0.1501235;0.7187733
3573222231;41.1827;-8.60158;-0.1501259;0.7187737
3573222232;41.1827;-8.601527;-0.150125;0.7187737
3573222233;41.1827;-8.601541;-0.1501252;0.7187738
3573222234;41.18272;-8.600313;-0.1501038;0.7187741
3573222237;41.18275;-8.601298;-0.150121;0.7187746
3573222238;41.18277;-8.60189;-0.1501313;0.7187749
3573222239;41.18285;-8.600253;-0.1501027;0.7187763
3573222240;41.1829;-8.60143;-0.1501233;0.7187772
3573222241;41.18291;-8.600498;-0.150107;0.7187775
3573222242;41.18292;-8.601505;-0.1501246;0.7187776
3573222243;41.18297;-8.601305;-0.1501211;0.7187784
3573222244;41.18298;-8.60179;-0.1501296;0.7187787
3573222246;41.18299;-8.600537;-0.1501077;0.7187788
3573222247;41.18299;-8.601387;-0.1501225;0.7187788
3573222249;41.18308;-8.61415;-0.1503453;0.7187804
3573222251;41.18311;-8.60124;-0.15012;0.7187809
3573222253;41.18315;-8.601088;-0.1501173;0.7187816
3573222256;41.1833;-8.601677;-0.1501276;0.7187842
3573222260;41.18342;-8.602483;-0.1501416;0.7187863
3573222261;41.18343;-8.602223;-0.1501371;0.7187864
3573222263;41.18345;-8.590484;-0.1499322;0.7187868
3573222266;41.18352;-8.602323;-0.1501389;0.718788
3573222268;41.18415;-8.604927;-0.1501843;0.7187991
3139458233;41.1842;-8.604868;-0.1501833;0.7187999
3139458278;41.18428;-8.604992;-0.1501854;0.7188013
3139458282;41.18401;-8.603895;-0.1501663;0.7187966
3139458285;41.1842;-8.604943;-0.1501846;0.7187998
3170300788;41.18065;-8.610229;-0.1502769;0.7187379
3092764699;41.17209;-8.594604;-0.1500041;0.7185885
3713666407;41.17138;-8.59398;-0.1499932;0.7185762
3713666408;41.17156;-8.594142;-0.1499961;0.7185793
3713666409;41.17176;-8.594363;-0.1499999;0.7185829
3713666411;41.17189;-8.595479;-0.1500194;0.7185851
3713666412;41.17198;-8.594533;-0.1500029;0.7185866
3713666413;41.1721;-8.596061;-0.1500296;0.7185888
3713666414;41.17217;-8.595919;-0.1500271;0.71859
3713666410;41.17186;-8.596482;-0.1500369;0.7185846
3713666415;41.17221;-8.594659;-0.1500051;0.7185906
3713666416;41.17225;-8.595785;-0.1500248;0.7185913
3713666417;41.17231;-8.595114;-0.150013;0.7185924
3713666418;41.17232;-8.595225;-0.150015;0.7185926
3713666419;41.17243;-8.595545;-0.1500206;0.7185945
3713666420;41.17245;-8.59474;-0.1500065;0.7185949
3713666421;41.17253;-8.595434;-0.1500186;0.7185962
3713666422;41.17274;-8.595243;-0.1500153;0.7185999
3713666423;41.17285;-8.59516;-0.1500138;0.7186018
3713666424;41.17287;-8.594858;-0.1500086;0.7186021
3713667325;41.17287;-8.594761;-0.1500069;0.7186021
3713667326;41.17294;-8.59497;-0.1500105;0.7186034
3713667327;41.17296;-8.595079;-0.1500124;0.7186037
3713816541;41.17132;-8.596814;-0.1500427;0.7185751
3713816542;41.17153;-8.596732;-0.1500413;0.7185788
3713816543;41.17188;-8.595314;-0.1500165;0.7185848
3713816544;41.17376;-8.594438;-0.1500012;0.7186176
3713816545;41.17436;-8.594164;-0.1499965;0.7186281
3713816546;41.17441;-8.594351;-0.1499997;0.7186291
3713816547;41.17483;-8.594167;-0.1499965;0.7186363
3713816548;41.17554;-8.593879;-0.1499915;0.7186489
3713843046;41.17481;-8.593964;-0.149993;0.718636
3713843047;41.17554;-8.593673;-0.1499879;0.7186487
3713843048;41.17615;-8.593493;-0.1499848;0.7186593
3713843049;41.17617;-8.593688;-0.1499881;0.7186598
3713843050;41.1764;-8.593434;-0.1499837;0.7186638
3713843051;41.17641;-8.593632;-0.1499872;0.718664
3713963389;41.17727;-8.593293;-0.1499813;0.7186789
3713963390;41.17842;-8.593181;-0.1499793;0.718699
3713963391;41.17847;-8.593376;-0.1499827;0.7186999
3713963392;41.17941;-8.592203;-0.1499622;0.7187163
3713963393;41.17941;-8.592432;-0.1499662;0.7187163
3713963394;41.17944;-8.592547;-0.1499682;0.7187168
3713963395;41.17949;-8.591958;-0.149958;0.7187176
3713963396;41.17953;-8.592735;-0.1499715;0.7187185
3713963397;41.1796;-8.591801;-0.1499552;0.7187196
3713963398;41.17968;-8.592861;-0.1499737;0.7187209
3713963399;41.17976;-8.5917;-0.1499534;0.7187225
3713963400;41.17987;-8.59296;-0.1499754;0.7187243
3713963401;41.17989;-8.591679;-0.1499531;0.7187247
3713963402;41.17995;-8.593211;-0.1499798;0.7187257
3713963403;41.17997;-8.59169;-0.1499533;0.718726
3713963404;41.18006;-8.593917;-0.1499921;0.7187276
3713963406;41.18008;-8.593713;-0.1499886;0.7187281
3713963407;41.18009;-8.594115;-0.1499956;0.7187282
3713963408;41.1801;-8.591751;-0.1499543;0.7187283
3713963410;41.18015;-8.593542;-0.1499856;0.7187291
3713963411;41.18016;-8.594274;-0.1499984;0.7187293
3713963412;41.18019;-8.594329;-0.1499993;0.7187299
3713963413;41.18021;-8.59186;-0.1499562;0.7187303
3713963414;41.18023;-8.593421;-0.1499835;0.7187306
3713963415;41.18026;-8.591915;-0.1499572;0.7187311
3713963416;41.18027;-8.592969;-0.1499756;0.7187312
3713963417;41.18028;-8.593377;-0.1499827;0.7187315
3713963418;41.18029;-8.594426;-0.150001;0.7187316
3713963419;41.18033;-8.593338;-0.149982;0.7187324
3713963420;41.18034;-8.594465;-0.1500017;0.7187325
3713963421;41.18045;-8.594516;-0.1500026;0.7187344
3713963422;41.18051;-8.594525;-0.1500028;0.7187355
3713963423;41.18055;-8.593238;-0.1499803;0.7187362
3713963424;41.18064;-8.594508;-0.1500025;0.7187377
3713963925;41.18069;-8.591933;-0.1499575;0.7187386
3713963926;41.18076;-8.592017;-0.149959;0.7187399
3713963927;41.1808;-8.59293;-0.1499749;0.7187406
3713843052;41.17696;-8.593324;-0.1499818;0.7186735
3713843053;41.17697;-8.593525;-0.1499853;0.7186737
3713963928;41.18081;-8.5944;-0.1500006;0.7187407
3713963929;41.18085;-8.594351;-0.1499997;0.7187415
3713963930;41.1809;-8.594289;-0.1499986;0.7187423
3713963931;41.18093;-8.592171;-0.1499617;0.7187428
3713963934;41.181;-8.593946;-0.1499927;0.7187441
3713963935;41.18102;-8.592238;-0.1499629;0.7187445
3713963937;41.18106;-8.593158;-0.1499789;0.7187451
3713963938;41.18111;-8.592299;-0.1499639;0.718746
3713963939;41.18135;-8.592928;-0.1499749;0.7187502
3713963940;41.18137;-8.593157;-0.1499789;0.7187504
3713963941;41.18141;-8.592453;-0.1499666;0.7187511
3713963942;41.18153;-8.594179;-0.1499967;0.7187533
3713963943;41.18155;-8.593166;-0.149979;0.7187537
3713963944;41.18158;-8.593982;-0.1499933;0.7187542
3713963945;41.18163;-8.593904;-0.1499919;0.7187549
3713963946;41.18169;-8.592952;-0.1499753;0.7187561
3713963947;41.18173;-8.593774;-0.1499896;0.7187567
3713963948;41.1818;-8.593187;-0.1499794;0.7187581
3713963949;41.18184;-8.592972;-0.1499757;0.7187588
3713963950;41.18185;-8.593694;-0.1499882;0.7187589
3713963951;41.18193;-8.593673;-0.1499879;0.7187602
3713963952;41.182;-8.593213;-0.1499799;0.7187614
3713963953;41.18252;-8.593314;-0.1499816;0.7187705
3713963954;41.18256;-8.593694;-0.1499882;0.7187713
3713963955;41.18303;-8.59373;-0.1499889;0.7187794
3713963956;41.18316;-8.593267;-0.1499808;0.7187817
3713963957;41.18338;-8.593545;-0.1499857;0.7187856
3713963958;41.18339;-8.593757;-0.1499894;0.7187858
3713963959;41.18351;-8.593382;-0.1499828;0.7187879
3713963960;41.18367;-8.593641;-0.1499873;0.7187906
3713963961;41.1837;-8.593771;-0.1499896;0.7187912
3713963962;41.18414;-8.593586;-0.1499864;0.7187988
3713963963;41.1849;-8.59406;-0.1499946;0.7188121
3713963964;41.18555;-8.594275;-0.1499984;0.7188235
3713963965;41.18556;-8.594073;-0.1499949;0.7188237
3713963966;41.18625;-8.594505;-0.1500024;0.7188357
3713963967;41.18628;-8.594307;-0.1499989;0.7188362
3713963968;41.18679;-8.594474;-0.1500019;0.7188452
3713963969;41.18711;-8.594783;-0.1500073;0.7188507
3713963970;41.18715;-8.594588;-0.1500039;0.7188514
3713963971;41.18723;-8.594815;-0.1500078;0.7188528
3713963972;41.18727;-8.594624;-0.1500045;0.7188535
3713963973;41.18737;-8.594851;-0.1500084;0.7188551
3713963974;41.18739;-8.594653;-0.150005;0.7188556
3713963975;41.18748;-8.594877;-0.1500089;0.7188572
3713963978;41.18774;-8.594923;-0.1500097;0.7188617
3713963979;41.18786;-8.594935;-0.1500099;0.7188637
3713963981;41.18798;-8.594945;-0.1500101;0.7188658
3713963983;41.18809;-8.594949;-0.1500102;0.7188678
3713963985;41.18822;-8.594947;-0.1500101;0.71887
3713963989;41.18862;-8.594912;-0.1500095;0.718877
3713963991;41.18883;-8.594872;-0.1500088;0.7188807
3713963996;41.18926;-8.59474;-0.1500065;0.7188882
3713963998;41.1894;-8.594686;-0.1500056;0.7188907
3713964000;41.18951;-8.594634;-0.1500047;0.7188926
3713963976;41.18753;-8.594685;-0.1500055;0.7188581
3713963994;41.18914;-8.594786;-0.1500073;0.7188861
3713843054;41.17728;-8.593493;-0.1499847;0.7186791
3713963932;41.18099;-8.59367;-0.1499878;0.7187439
3713963933;41.181;-8.593817;-0.1499904;0.7187441
3713963936;41.18105;-8.592923;-0.1499748;0.7187448
3799695584;41.17184;-8.593468;-0.1499843;0.7185842
3799695585;41.1716;-8.59339;-0.1499829;0.7185799
3799695586;41.17146;-8.593413;-0.1499834;0.7185775
4087312908;41.17371;-8.605838;-0.1502002;0.7186167
